1.30509245716 -0.00714541396716 0.0
-0.0156086035407 1.30595601116 0.0
0.0 0.0 1.0

1.29729352257 -0.0107926235021 0.0
-0.0107698786426 1.30177606147 0.0
0.0 0.0 1.0

1.29693268251 -0.00943025896325 0.0
-0.0199675845538 1.30046113835 0.0
0.0 0.0 1.0

1.29519288842 -0.00712101766571 0.0
-0.0134534718028 1.29847452876 0.0
0.0 0.0 1.0

1.29043838706 -0.00882905902982 0.0
-0.0215785661709 1.29376521686 0.0
0.0 0.0 1.0

1.28662768477 -0.00492632638669 0.0
-0.0106707921259 1.29484901317 0.0
0.0 0.0 1.0

1.27746961347 -0.00901206882352 0.0
-0.00433420938397 1.28140972875 0.0
0.0 0.0 1.0

1.27334761437 -0.0072104957929 0.0
-0.0168529650461 1.27363001095 0.0
0.0 0.0 1.0

1.26856338706 -0.00684042266619 0.0
-0.012849869772 1.28014089588 0.0
0.0 0.0 1.0

1.26752050147 -0.00552414837069 0.0
-0.0157308102446 1.26677209801 0.0
0.0 0.0 1.0

1.25318763683 -0.00579933865112 0.0
-0.0173219745584 1.25869076685 0.0
0.0 0.0 1.0

1.24506749679 -0.0108550029683 0.0
-0.0119101993055 1.26217666054 0.0
0.0 0.0 1.0

1.23786638419 -0.00856813120256 0.0
-0.0168818652801 1.25178676367 0.0
0.0 0.0 1.0

1.23881513759 -0.00330370961045 0.0
-0.0129522591726 1.23957157306 0.0
0.0 0.0 1.0

1.23232579647 -0.00304886209216 0.0
-0.00713505492224 1.23857793047 0.0
0.0 0.0 1.0

1.22105718236 -0.0027702938623 0.0
-0.00762388173788 1.22502409604 0.0
0.0 0.0 1.0

1.22245099936 -0.00475622786639 0.0
-0.0177752953722 1.21879110375 0.0
0.0 0.0 1.0

1.20338840499 -0.00847122158662 0.0
-0.00828115563189 1.22324624372 0.0
0.0 0.0 1.0

1.20266672486 -0.00574649250889 0.0
-0.0176118026197 1.20736147405 0.0
0.0 0.0 1.0

1.19819874868 -0.00362161218481 0.0
-0.00948670825155 1.21207078595 0.0
0.0 0.0 1.0

1.2025973643 -0.000897558696963 0.0
-0.0101192105164 1.20856117155 0.0
0.0 0.0 1.0

1.19882134229 0.000580707040206 0.0
-0.0128127123283 1.20595234367 0.0
0.0 0.0 1.0

1.19345415597 -0.0060223583792 0.0
-0.013119054809 1.20350483165 0.0
0.0 0.0 1.0

1.19269284124 -0.00052680998037 0.0
-0.00806811962102 1.20835308987 0.0
0.0 0.0 1.0

1.19435832044 0.00235923494915 0.0
-0.0090069643666 1.20239596345 0.0
0.0 0.0 1.0

1.19478852106 -0.00385206340164 0.0
-0.0202210808923 1.19886465511 0.0
0.0 0.0 1.0

1.19134856749 -0.00200440012765 0.0
-0.00638777744225 1.21020007755 0.0
0.0 0.0 1.0

1.19918713668 -0.0011280099138 0.0
-0.00295277819719 1.20869876669 0.0
0.0 0.0 1.0

1.20555757398 0.00692960053121 0.0
-0.0152196889627 1.20717643748 0.0
0.0 0.0 1.0

1.20461872924 0.000972474108824 0.0
-0.0121009408501 1.20392031943 0.0
0.0 0.0 1.0

1.20304738223 -0.0084942667083 0.0
-0.00622015608486 1.2223454572 0.0
0.0 0.0 1.0

1.22000438812 -0.000761314736523 0.0
-0.00726304167296 1.2236617315 0.0
0.0 0.0 1.0

1.21796320587 -0.00124593788176 0.0
-0.0107228125472 1.22689480443 0.0
0.0 0.0 1.0

1.228228569 -0.00297905113722 0.0
-0.00493533425185 1.22797927633 0.0
0.0 0.0 1.0

1.23883000057 -0.00434276685586 0.0
-0.00412034765212 1.24259521313 0.0
0.0 0.0 1.0

1.23170815718 -0.00759753373231 0.0
-0.0153641901329 1.24114201929 0.0
0.0 0.0 1.0

1.24563559282 -0.00284280717678 0.0
-0.0087171363053 1.25372525625 0.0
0.0 0.0 1.0

1.25245109373 -0.00203555232797 0.0
-0.0100713187 1.25294037094 0.0
0.0 0.0 1.0

1.25832774989 -0.00718542390155 0.0
-0.00962708081685 1.26961137711 0.0
0.0 0.0 1.0

1.26172311453 -0.00591591543931 0.0
-0.00840171089386 1.27940142522 0.0
0.0 0.0 1.0

1.27065411256 -0.00981932367232 0.0
-0.0120935093613 1.2749916999 0.0
0.0 0.0 1.0

1.28211016533 0.000662078088755 0.0
-0.00882695719462 1.28526637115 0.0
0.0 0.0 1.0

1.2819474983 -0.0118296539779 0.0
-0.0160528414238 1.28928500499 0.0
0.0 0.0 1.0

1.28055863563 -0.0101900723889 0.0
-0.0138044032161 1.29914418847 0.0
0.0 0.0 1.0

1.29484195701 -0.00645135795712 0.0
-0.0181633842292 1.29364931566 0.0
0.0 0.0 1.0

1.29689800223 -0.00700579205729 0.0
-0.0158505397856 1.29900591774 0.0
0.0 0.0 1.0

1.29253902121 -0.0125006648662 0.0
-0.0145310376717 1.30221526996 0.0
0.0 0.0 1.0

1.30069384154 -0.00986946745501 0.0
-0.0149166493658 1.30530939658 0.0
0.0 0.0 1.0

1.30068393289 -0.00917676262473 0.0
-0.0115609193341 1.30934972436 0.0
0.0 0.0 1.0

1.30006133927 -0.0133790818497 0.0
-0.0115460563566 1.30831066711 0.0
0.0 0.0 1.0

1.30100018402 -0.00742195542737 0.0
-0.00545223558055 1.31184265104 0.0
0.0 0.0 1.0

1.29483700268 -0.00610500554198 0.0
-0.00909944511551 1.30431575398 0.0
0.0 0.0 1.0

1.29935452212 -0.0116934100174 0.0
-0.00734478804922 1.30096745544 0.0
0.0 0.0 1.0

1.28738404518 -0.0100755223704 0.0
-0.0239607711762 1.29325754859 0.0
0.0 0.0 1.0

1.28571361166 -0.0126152148848 0.0
-0.0171997678544 1.29787468001 0.0
0.0 0.0 1.0

1.28627179903 -0.00391031426297 0.0
-0.0134336544995 1.2970891191 0.0
0.0 0.0 1.0

1.27847781878 -0.00790387621306 0.0
-0.0234215753812 1.27942649711 0.0
0.0 0.0 1.0

1.27979236656 -0.00434817157495 0.0
-0.01416441756 1.27658519124 0.0
0.0 0.0 1.0

1.27124698022 -0.00353888995649 0.0
-0.0154987826514 1.27441489626 0.0
0.0 0.0 1.0

1.2726358429 -0.00517847154544 0.0
-0.0123106739771 1.2663098444 0.0
0.0 0.0 1.0

1.25901474974 -0.00748568607332 0.0
-0.0170255407293 1.26183098371 0.0
0.0 0.0 1.0

1.24437058829 -0.00986203596626 0.0
-0.00674531462328 1.25905881321 0.0
0.0 0.0 1.0

1.24733079798 -0.00203487673809 0.0
-0.00702193114903 1.25453318669 0.0
0.0 0.0 1.0

1.23102115733 -0.00729727156054 0.0
-0.0184433036388 1.24162731802 0.0
0.0 0.0 1.0

1.22621711271 -0.00554178877328 0.0
-0.00913660255926 1.23532248801 0.0
0.0 0.0 1.0

1.21391552167 -0.0046396510782 0.0
-0.00363069511551 1.2322276858 0.0
0.0 0.0 1.0

1.21637699589 -0.00967362145347 0.0
-0.0113454061604 1.22269248521 0.0
0.0 0.0 1.0

1.21317897856 -0.000875864755052 0.0
-0.00688733863053 1.22126030972 0.0
0.0 0.0 1.0

1.209141203 -0.00496228278176 0.0
-0.00748516061453 1.21532622842 0.0
0.0 0.0 1.0

1.20132740544 -0.00757043507131 0.0
-0.0118094613468 1.2074068887 0.0
0.0 0.0 1.0

1.19134856749 -0.00200440012765 0.0
-0.00738607409784 1.20839918011 0.0
0.0 0.0 1.0

1.19751174883 -0.00332135001304 0.0
-0.0182145789295 1.20177374516 0.0
0.0 0.0 1.0

1.19138324777 -0.00442886703361 0.0
-0.00978809640646 1.20927692151 0.0
0.0 0.0 1.0

1.1883487232 -0.00706074003473 0.0
-0.0140975341613 1.20031852455 0.0
0.0 0.0 1.0

1.1808759484 -0.00964584720259 0.0
-0.0198751038049 1.19854134782 0.0
0.0 0.0 1.0

1.19682970331 -0.00336744025641 0.0
-0.0120910321984 1.2032276146 0.0
0.0 0.0 1.0

1.19647381757 -0.00235142813268 0.0
-0.00930835252152 1.199602099 0.0
0.0 0.0 1.0

1.19643418296 0.000419391188422 0.0
0.000753883247772 1.21206943477 0.0
0.0 0.0 1.0

1.18965831666 -0.00315868298148 0.0
-0.0101093018647 1.20786846672 0.0
0.0 0.0 1.0

1.20025974823 -0.00452239870012 0.0
-0.014883620527 1.20754583502 0.0
0.0 0.0 1.0

1.19960247433 -0.00630025101917 0.0
-0.00713422920127 1.21465656871 0.0
0.0 0.0 1.0

1.22276229616 -0.00265506825388 0.0
-0.00938844745584 1.22906509941 0.0
0.0 0.0 1.0

1.22247081666 -0.00614163752693 0.0
-0.00803426506115 1.22984998473 0.0
0.0 0.0 1.0

1.21873442926 -0.00743419111087 0.0
-0.0043870555262 1.23737688179 0.0
0.0 0.0 1.0

1.23978370829 0.000575302321114 0.0
-0.0115980767779 1.24035645838 0.0
0.0 0.0 1.0

1.23270645384 -0.00579663629157 0.0
-0.00661650215159 1.25005365042 0.0
0.0 0.0 1.0

1.24600634154 -0.00489787654592 0.0
-0.00832657028537 1.25028477722 0.0
0.0 0.0 1.0

1.25517927582 -0.00185119135451 0.0
-0.0149595868564 1.26058384478 0.0
0.0 0.0 1.0

1.25253036294 -0.00757719097017 0.0
-0.011653400083 1.26808769671 0.0
0.0 0.0 1.0

1.25998332044 -0.00360667414176 0.0
-0.00761562452816 1.27217411474 0.0
0.0 0.0 1.0

1.27198352333 -0.00730267627963 0.0
-0.00871300770044 1.2773002656 0.0
0.0 0.0 1.0

1.27369854579 -0.00788015550149 0.0
-0.00913825400121 1.28316521154 0.0
0.0 0.0 1.0

1.28022752152 -0.0109058223409 0.0
-0.0144022252001 1.29321010717 0.0
0.0 0.0 1.0

1.28429502303 -0.00889751880499 0.0
-0.013448517477 1.29812817634 0.0
0.0 0.0 1.0

1.28630152499 -0.00598842875379 0.0
-0.0151486769591 1.29766659832 0.0
0.0 0.0 1.0

1.29361163276 -0.0158950536526 0.0
-0.0148770147592 1.30253857725 0.0
0.0 0.0 1.0

1.29222277008 -0.0142554720636 0.0
-0.010488307791 1.30595533557 0.0
0.0 0.0 1.0

1.29430854126 -0.0168880206546 0.0
-0.010849147856 1.30731770011 0.0
0.0 0.0 1.0

1.29726379662 -0.0087145090113 0.0
-0.0145161746942 1.30117621272 0.0
0.0 0.0 1.0

1.30498841631 0.00012798675072 0.0
-0.0176596944361 1.30616409285 0.0
0.0 0.0 1.0

1.30906087215 0.00178993787147 0.0
-0.0168983796995 1.30066854445 0.0
0.0 0.0 1.0

1.29928020723 -0.00649812379037 0.0
-0.0134732891061 1.29985993842 0.0
0.0 0.0 1.0

1.29859320738 -0.0061978616186 0.0
-0.00710285180432 1.30791754887 0.0
0.0 0.0 1.0

1.29457029481 -0.0113233368907 0.0
-0.013057951457 1.29468769732 0.0
0.0 0.0 1.0

1.2931566605 -0.00795199322608 0.0
-0.00832822172732 1.29812750075 0.0
0.0 0.0 1.0

1.28632629662 -0.00772019082948 0.0
-0.0140810197418 1.29461856195 0.0
0.0 0.0 1.0

1.28018293258 -0.00778865060464 0.0
-0.00818454627812 1.28808328072 0.0
0.0 0.0 1.0

1.27636232164 -0.00319321313123 0.0
-0.0138233947984 1.27660823636 0.0
0.0 0.0 1.0

1.27399497962 -0.00473993864357 0.0
-0.0172237137626 1.27568508032 0.0
0.0 0.0 1.0

1.25767047599 -0.00896327622061 0.0
-0.0123255369546 1.26734890164 0.0
0.0 0.0 1.0

1.25733440756 -0.00933267375743 0.0
-0.00848510871206 1.26136805451 0.0
0.0 0.0 1.0

1.24131624641 -0.0111084993068 0.0
-0.00203044787106 1.26353767389 0.0
0.0 0.0 1.0

1.24324843349 -0.00300412302856 0.0
-0.00700706817152 1.25349412945 0.0
0.0 0.0 1.0

1.22422547373 -0.00948993606989 0.0
-0.0135847614374 1.23606195867 0.0
0.0 0.0 1.0

1.22548552393 -0.00212435486527 0.0
-0.00991773459912 1.24220344607 0.0
0.0 0.0 1.0

1.21966831968 -0.00113071227334 0.0
-0.00391226596708 1.2280484117 0.0
0.0 0.0 1.0

1.21599138419 -0.00657949483892 0.0
-0.0119333194927 1.21606569908 0.0
0.0 0.0 1.0

1.21288749906 -0.00436243402811 0.0
-0.0164458846067 1.22130775114 0.0
0.0 0.0 1.0

1.21051024838 -0.00521645471017 0.0
-0.015570620376 1.20784609719 0.0
0.0 0.0 1.0

1.19588590424 -0.00897821426365 0.0
-0.0131735523932 1.20731470821 0.0
0.0 0.0 1.0

1.20366006719 -0.00359924265301 0.0
-0.00976332477729 1.20754515943 0.0
0.0 0.0 1.0

1.19916236505 0.00060375216189 0.0
-0.00975837045146 1.20719880702 0.0
0.0 0.0 1.0

1.19401729767 0.00233618982746 0.0
-0.0104552789521 1.20819177402 0.0
0.0 0.0 1.0

1.19676529707 0.00113514114038 0.0
-0.0111026441945 1.20572121687 0.0
0.0 0.0 1.0

1.18893168221 -8.76014886122e-05 0.0
-0.0133510824022 1.19586203339 0.0
0.0 0.0 1.0

1.19277211045 -0.00606844862257 0.0
-0.0113198088102 1.19703936137 0.0
0.0 0.0 1.0

1.19274238449 -0.00399033413174 0.0
-0.0114733929111 1.20777628624 0.0
0.0 0.0 1.0

1.20089225049 -0.00101278430538 0.0
-0.00476688717349 1.21620329422 0.0
0.0 0.0 1.0

1.20123327325 -0.000989739183698 0.0
-0.017691071833 1.21290311269 0.0
0.0 0.0 1.0

1.1995578854 -0.00318307928294 0.0
-0.0175672136872 1.20424430231 0.0
0.0 0.0 1.0

1.20674908935 -0.00477724621841 0.0
-0.00880466272837 1.21211687619 0.0
0.0 0.0 1.0

1.20984306583 -0.00630160219895 0.0
-0.00961552072324 1.22107594874 0.0
0.0 0.0 1.0

1.21998952514 0.00027774250889 0.0
-0.0101695794957 1.23594605747 0.0
0.0 0.0 1.0

1.21737033822 -0.0075263715976 0.0
-0.00742653442549 1.2350913612 0.0
0.0 0.0 1.0

1.2347327731 -0.00427295590092 0.0
-0.0116228484071 1.24208822046 0.0
0.0 0.0 1.0

1.23579052167 -0.00662828744183 0.0
-0.00419466253964 1.24779049936 0.0
0.0 0.0 1.0

1.23854842971 -0.00852204095919 0.0
-0.0125228842669 1.25728163648 0.0
0.0 0.0 1.0

1.24873452363 -0.00471351557245 0.0
-0.00977983919674 1.25642694021 0.0
0.0 0.0 1.0

1.25735422486 -0.010718083418 0.0
-0.0136797193492 1.26656401632 0.0
0.0 0.0 1.0

1.25927650328 -0.00192100230944 0.0
-0.0131215319719 1.27526891695 0.0
0.0 0.0 1.0

1.26552390816 -0.00912594325216 0.0
-0.0168777366752 1.27536177302 0.0
0.0 0.0 1.0

1.27062934093 -0.00808756159664 0.0
-0.0112042078741 1.28441235047 0.0
0.0 0.0 1.0

1.28150738902 -0.00492565079681 0.0
-0.0157910878756 1.29484968876 0.0
0.0 0.0 1.0

1.2835733429 -0.00617278972726 0.0
-0.0113132030424 1.2920321036 0.0
0.0 0.0 1.0

1.28862923241 -0.00167088392036 0.0
-0.0133692482636 1.2925865377 0.0
0.0 0.0 1.0

1.29155558754 -0.0153406195524 0.0
-0.0189246989657 1.29914486406 0.0
0.0 0.0 1.0

1.29392292956 -0.0137938940401 0.0
-0.0110960384267 1.3007139591 0.0
0.0 0.0 1.0

1.29723902499 -0.00698274693561 0.0
-0.00943551355126 1.30394635645 0.0
0.0 0.0 1.0

1.2989837734 -0.00963834064829 0.0
-0.0169082883512 1.30136124928 0.0
0.0 0.0 1.0

1.30066906991 -0.00813770537932 0.0
-0.010458581836 1.30387722108 0.0
0.0 0.0 1.0

1.30127680054 -0.0028963289089 0.0
-0.00880796561226 1.30780232326 0.0
0.0 0.0 1.0

1.29895900177 -0.0079065785726 0.0
-0.0142048778877 1.30327737233 0.0
0.0 0.0 1.0

1.29517307112 -0.00573560800516 0.0
-0.0175506992677 1.29854433971 0.0
0.0 0.0 1.0

1.28404813246 -0.0155012598143 0.0
-0.0115014674241 1.30519349538 0.0
0.0 0.0 1.0

1.28572847463 -0.0136542721302 0.0
-0.0151040880266 1.29454942659 0.0
0.0 0.0 1.0

1.28060322456 -0.0133072441252 0.0
-0.0130331798279 1.29295593524 0.0
0.0 0.0 1.0

1.274766203 -0.0109281918727 0.0
-0.014940595274 1.28311979689 0.0
0.0 0.0 1.0

1.27297191133 -0.00480907400862 0.0
-0.0138382577759 1.27764729361 0.0
0.0 0.0 1.0

1.27735566397 -0.00104596327536 0.0
-0.00909861939453 1.28039439222 0.0
0.0 0.0 1.0

1.26242497735 -0.00725523485649 0.0
-0.0190716772988 1.26169271298 0.0
0.0 0.0 1.0

1.25797186415 -0.00616941177782 0.0
-0.012849044051 1.25621953411 0.0
0.0 0.0 1.0

1.2437133144 -0.0116398882853 0.0
-0.012819318096 1.25414141962 0.0
0.0 0.0 1.0

1.23648743017 -0.00762125444388 0.0
-0.0172080250642 1.2507246613 0.0
0.0 0.0 1.0

1.23345290559 -0.010253127445 0.0
-0.0136095330666 1.23779372075 0.0
0.0 0.0 1.0

1.23497470935 0.00267713752351 0.0
-0.00642328344406 1.23654590623 0.0
0.0 0.0 1.0

1.22007374868 -0.00561024854844 0.0
-0.0145335148347 1.23079753708 0.0
0.0 0.0 1.0

1.21122201986 -0.00724847895762 0.0
-0.0165053365167 1.22546398012 0.0
0.0 0.0 1.0

1.21324833912 -0.00572479856698 0.0
-0.00448036199607 1.22003621591 0.0
0.0 0.0 1.0

1.20736672864 -0.00022857457826 0.0
-0.0152444605919 1.20890819956 0.0
0.0 0.0 1.0

1.20367988449 -0.00498465231356 0.0
-0.00848841159595 1.21387168339 0.0
0.0 0.0 1.0

1.19509981787 -0.00175090378913 0.0
-0.0132429129549 1.21216364203 0.0
0.0 0.0 1.0

1.20127786218 -0.00410691091993 0.0
-0.0111422788011 1.20849203619 0.0
0.0 0.0 1.0

1.19752661181 -0.00436040725845 0.0
-0.0148489402461 1.20512136811 0.0
0.0 0.0 1.0

1.18524483806 -0.00484367922391 0.0
-0.0103809640646 1.20299648779 0.0
0.0 0.0 1.0

1.19585122395 -0.00655374735769 0.0
-0.0130843745282 1.20108036474 0.0
0.0 0.0 1.0

1.19613279481 -0.00237447325436 0.0
-0.0114634842594 1.20708358141 0.0
0.0 0.0 1.0

1.19238649875 -0.00297432200802 0.0
-0.0191732409784 1.1972020284 0.0
0.0 0.0 1.0

1.1937307725 -0.00149673186073 0.0
-0.00164813906085 1.21294717616 0.0
0.0 0.0 1.0

1.19647381757 -0.00235142813268 0.0
-0.0189610306885 1.20623023631 0.0
0.0 0.0 1.0

1.20096656538 -0.00620807053244 0.0
-0.0139200041522 1.21177119937 0.0
0.0 0.0 1.0

1.2111922939 -0.0051703644668 0.0
-0.00656117884645 1.22232241208 0.0
0.0 0.0 1.0

1.21252665899 -0.00300006948924 0.0
-0.00966010965574 1.22419312048 0.0
0.0 0.0 1.0

1.21457279556 -0.00286179875914 0.0
-0.00796490449947 1.22500105092 0.0
0.0 0.0 1.0

1.21468179073 -0.0104815518922 0.0
-0.010129944889 1.23317523815 0.0
0.0 0.0 1.0

1.23976389099 0.00196071198166 0.0
-0.00882035142685 1.2370772952 0.0
0.0 0.0 1.0

1.23913634305 -0.00189525482821 0.0
-0.00722423278726 1.24481227395 0.0
0.0 0.0 1.0

1.24256638797 -0.00305021327193 0.0
-0.0151420711913 1.24947752237 0.0
0.0 0.0 1.0

1.25187308905 -0.00935504328922 0.0
-0.0121769071795 1.25695832919 0.0
0.0 0.0 1.0

1.25326195172 -0.0109946248782 0.0
-0.00758589857316 1.27009600025 0.0
0.0 0.0 1.0

1.25737899649 -0.0124498454937 0.0
-0.0134675090593 1.27559222424 0.0
0.0 0.0 1.0

1.26967563321 -0.0130056307736 0.0
-0.0103784869017 1.27441422067 0.0
0.0 0.0 1.0

1.27602129888 -0.00321625825292 0.0
-0.0118367101389 1.28090273607 0.0
0.0 0.0 1.0

1.27887333912 -0.0116907076579 0.0
-0.00486845085309 1.29489442782 0.0
0.0 0.0 1.0

1.28393418296 -0.00753515426612 0.0
-0.013057951457 1.29468769732 0.0
0.0 0.0 1.0

1.28666731938 -0.00769714570779 0.0
-0.0150347274649 1.28970049277 0.0
0.0 0.0 1.0

1.2891287936 -0.0127311160831 0.0
-0.00739433130757 1.30443097959 0.0
0.0 0.0 1.0

1.29797061377 -0.0104001808436 0.0
-0.0152477634758 1.30459364662 0.0
0.0 0.0 1.0

1.29455543183 -0.0102842796453 0.0
-0.0183268769817 1.30507894536 0.0
0.0 0.0 1.0

1.30300668598 -0.00451286537617 0.0
-0.0111604446625 1.3052165405 0.0
0.0 0.0 1.0

1.30163268628 -0.00391234103263 0.0
-0.0061293267779 1.31145020838 0.0
0.0 0.0 1.0

1.3017317728 -0.0108393893354 0.0
-0.0108838281368 1.30974216702 0.0
0.0 0.0 1.0

1.30231968613 -0.0042126032044 0.0
-0.0182129274875 1.29711283981 0.0
0.0 0.0 1.0

1.29286022667 -0.011092210084 0.0
-0.0124799467764 1.30200718828 0.0
0.0 0.0 1.0

1.29908781425 -0.0169117413662 0.0
-0.0181435669259 1.292263906 0.0
0.0 0.0 1.0

1.28027211045 -0.0140229940771 0.0
-0.0185192699683 1.29466532778 0.0
0.0 0.0 1.0

1.29107584365 -0.00566579705022 0.0
-0.0123957232372 1.29611919722 0.0
0.0 0.0 1.0

1.27992613336 -0.0136996867837 0.0
-0.0159636635588 1.28305066152 0.0
0.0 0.0 1.0

1.26828677053 -0.0113660491847 0.0
-0.01410496565 1.27242896226 0.0
0.0 0.0 1.0

1.27294218538 -0.00273095951779 0.0
-0.0138580750793 1.27903270327 0.0
0.0 0.0 1.0

1.25664740771 -0.00903241158566 0.0
-0.016076787332 1.2670954053 0.0
0.0 0.0 1.0

1.26242002303 -0.00690888244135 0.0
-0.013209884116 1.25758189865 0.0
0.0 0.0 1.0

1.2484579071 -0.00923914209092 0.0
-0.00811435999547 1.25931298514 0.0
0.0 0.0 1.0

1.24399983957 -0.00780696659712 0.0
-0.0206331156576 1.25153326733 0.0
0.0 0.0 1.0

1.23744609222 -0.00304953768204 0.0
-0.0133031905858 1.24024123277 0.0
0.0 0.0 1.0

1.23366016156 -0.000878567114599 0.0
-0.00916632851427 1.2374006025 0.0
0.0 0.0 1.0

1.22249063396 -0.00752704718748 0.0
-0.0144492912955 1.22490954602 0.0
0.0 0.0 1.0

1.22072606825 -0.00348604381426 0.0
-0.0106782236147 1.2237776327 0.0
0.0 0.0 1.0

1.21691536596 0.000416688828876 0.0
-0.0062696993432 1.22580898136 0.0
0.0 0.0 1.0

1.20066517722 -0.00900193497522 0.0
-0.0159611863959 1.21128657622 0.0
0.0 0.0 1.0

1.19689410954 -0.00787002165319 0.0
-0.0105048222105 1.21165529817 0.0
0.0 0.0 1.0

1.20533050072 -0.00105955013863 0.0
-0.00977818775479 1.20858421668 0.0
0.0 0.0 1.0

1.20056113638 -0.00172853425734 0.0
-0.015511168466 1.20368986821 0.0
0.0 0.0 1.0

1.19915741073 0.000950104577026 0.0
-0.0147052647969 1.19507714808 0.0
0.0 0.0 1.0

1.18863524838 -0.00322781834653 0.0
-0.0185258757361 1.19967258555 0.0
0.0 0.0 1.0

1.19366636626 0.00300584953605 0.0
-0.0147746253586 1.19992608189 0.0
0.0 0.0 1.0

1.18806219802 -0.0108936617229 0.0
-0.0198106975691 1.19403876642 0.0
0.0 0.0 1.0

1.19613774913 -0.0027208256695 0.0
-0.0127532604182 1.20179611469 0.0
0.0 0.0 1.0

1.19037008814 -0.00519070722894 0.0
-0.00768250792692 1.20525896325 0.0
0.0 0.0 1.0

1.19709641118 0.00185089109234 0.0
-0.0114882558886 1.20881534348 0.0
0.0 0.0 1.0

1.19786268024 -0.00399100972163 0.0
-0.00875016514419 1.20830699963 0.0
0.0 0.0 1.0

1.20096656538 -0.00620807053244 0.0
-0.00620033878152 1.22096004754 0.0
0.0 0.0 1.0

1.2060819068 -0.00586239370719 0.0
-0.00624988203986 1.2244235717 0.0
0.0 0.0 1.0

1.21863534274 -0.000507142808119 0.0
-0.0083406075419 1.2274024727 0.0
0.0 0.0 1.0

1.22484311302 -0.00494126442974 0.0
-0.0121859901102 1.23372967225 0.0
0.0 0.0 1.0

1.23812813774 -0.00300344743868 0.0
-0.0115782594746 1.23897104872 0.0
0.0 0.0 1.0

1.23581033897 -0.00801369710238 0.0
-0.00185704646686 1.25141533936 0.0
0.0 0.0 1.0

1.24708390741 -0.00863861774738 0.0
-0.00844051977956 1.25825088277 0.0
0.0 0.0 1.0

1.25250559131 -0.00584542889449 0.0
-0.0124832496603 1.25451081716 0.0
0.0 0.0 1.0

1.25663749906 -0.00833970675538 0.0
-0.011623674128 1.26600958222 0.0
0.0 0.0 1.0

1.25939045278 -0.0098871078576 0.0
-0.0134526460818 1.27455316699 0.0
0.0 0.0 1.0

1.26582529632 -0.00633207880938 0.0
-0.0137441255851 1.27106659772 0.0
0.0 0.0 1.0

1.28153216065 -0.00665741287249 0.0
-0.00605914049524 1.2826799128 0.0
0.0 0.0 1.0

1.27889811075 -0.0134224697336 0.0
-0.0133543852861 1.29154748046 0.0
0.0 0.0 1.0

1.28156684093 -0.00908187977846 0.0
-0.012731791673 1.29574979968 0.0
0.0 0.0 1.0

1.29179752378 -0.00839052612795 0.0
-0.0110663124717 1.29863584461 0.0
0.0 0.0 1.0

1.30169709252 -0.00841492242941 0.0
-0.0152477634758 1.30459364662 0.0
0.0 0.0 1.0

1.29387834063 -0.0106767223038 0.0
-0.011773129624 1.30032151644 0.0
0.0 0.0 1.0

1.29823732164 -0.00518184949487 0.0
-0.0121785586215 1.30480105272 0.0
0.0 0.0 1.0

1.30067402423 -0.00848405779446 0.0
-0.0122429648573 1.30930363412 0.0
0.0 0.0 1.0

1.30308100087 -0.00970815160323 0.0
-0.0131966725804 1.30438556494 0.0
0.0 0.0 1.0

1.30439554866 -0.00615244696512 0.0
-0.0152378548241 1.30390094179 0.0
0.0 0.0 1.0

1.30039740771 -0.0130096843129 0.0
-0.0189643335724 1.30191568338 0.0
0.0 0.0 1.0

1.30004152197 -0.0119936721892 0.0
-0.0202640183829 1.2973209215 0.0
0.0 0.0 1.0

1.29957168674 -0.00301155451731 0.0
-0.0164582704213 1.29376454127 0.0
0.0 0.0 1.0

1.28838729616 -0.00862097734479 0.0
-0.0103446323418 1.29591111553 0.0
0.0 0.0 1.0

1.28466577174 -0.0109525881741 0.0
-0.0161222019855 1.2941339388 0.0
0.0 0.0 1.0

1.28669209101 -0.00942890778348 0.0
-0.0183359599124 1.28185028842 0.0
0.0 0.0 1.0

1.27035272441 -0.0126131881151 0.0
-0.0222696946248 1.27049046968 0.0
0.0 0.0 1.0

1.27295704835 -0.00377001676321 0.0
-0.0212961695984 1.2740231292 0.0
0.0 0.0 1.0

1.26204431998 -0.00450746065708 0.0
-0.0180981522724 1.2652253725 0.0
0.0 0.0 1.0

1.25497697418 -0.0115721041 0.0
-0.0074620404273 1.26143718987 0.0
0.0 0.0 1.0

1.24635727295 -0.00556753625451 0.0
-0.0111538388948 1.25702746455 0.0
0.0 0.0 1.0

1.23164870527 -0.00344130475066 0.0
-0.0161651394761 1.24940838701 0.0
0.0 0.0 1.0

1.23177256342 -0.0121001151291 0.0
-0.0119490081912 1.24102611809 0.0
0.0 0.0 1.0

1.23330427582 0.000137445009129 0.0
-0.013985236109 1.24019514253 0.0
0.0 0.0 1.0

1.21969309131 -0.00286247434903 0.0
-0.00838024214857 1.23017329202 0.0
0.0 0.0 1.0

1.21772622395 -0.00854238372133 0.0
-0.0134361316624 1.22567138622 0.0
0.0 0.0 1.0

1.21491877265 -0.0031851060526 0.0
-0.00857758946097 1.22010602686 0.0
0.0 0.0 1.0

1.20408531349 -0.00946418858866 0.0
-0.0155656660501 1.20749974478 0.0
0.0 0.0 1.0

1.20499938661 -0.00177530009059 0.0
-0.0152840951985 1.21167901888 0.0
0.0 0.0 1.0

1.20185091254 0.00355893245646 0.0
-0.00681302374302 1.21606502349 0.0
0.0 0.0 1.0

1.19810957081 0.00261273128766 0.0
-0.0120761692209 1.20218855735 0.0
0.0 0.0 1.0

1.19892538313 -0.00669269367768 0.0
-0.0121405754567 1.20669113875 0.0
0.0 0.0 1.0

1.19439795504 -0.000411584371952 0.0
-0.0144435112487 1.20064183184 0.0
0.0 0.0 1.0

1.19586113261 -0.00724645218797 0.0
-0.0171716933414 1.20045747087 0.0
0.0 0.0 1.0

1.18907535766 -0.0101318215276 0.0
-0.0174631728446 1.19697090159 0.0
0.0 0.0 1.0

1.19479842971 -0.00454476823192 0.0
-0.0138803695455 1.20900038005 0.0
0.0 0.0 1.0

1.19649363487 -0.00373683779322 0.0
-0.00945698229654 1.20999267146 0.0
0.0 0.0 1.0

1.20394163804 0.000580031450321 0.0
-0.00911100520912 1.20966936416 0.0
0.0 0.0 1.0

1.20029938283 -0.00729321802122 0.0
-0.0128424382833 1.20803045817 0.0
0.0 0.0 1.0

1.20743113487 -0.00473115597505 0.0
-0.00651658991394 1.21920524035 0.0
0.0 0.0 1.0

1.21758750283 0.00115548390252 0.0
-0.0160751358901 1.21925268177 0.0
0.0 0.0 1.0

1.21459756719 -0.00459356083483 0.0
-0.0109597944663 1.2195983586 0.0
0.0 0.0 1.0

1.21871956628 -0.00639513386545 0.0
-0.0114494470029 1.22996588593 0.0
0.0 0.0 1.0

1.23336868205 -0.00436513638766 0.0
-0.0119440538653 1.24067976568 0.0
0.0 0.0 1.0

1.23478727069 -0.00808283246743 0.0
-0.00529204571191 1.25291665022 0.0
0.0 0.0 1.0

1.24366377114 -0.00817636413394 0.0
-0.00700706817152 1.25349412945 0.0
0.0 0.0 1.0

1.251497386 -0.00695362150495 0.0
-0.00506001811868 1.26055944848 0.0
0.0 0.0 1.0

1.252891203 -0.00893955550904 0.0
-0.0139811075042 1.26377015188 0.0
0.0 0.0 1.0

1.25566892836 -0.0122187186869 0.0
-0.00940000754945 1.27760052778 0.0
0.0 0.0 1.0

1.268202547 -0.00547805812732 0.0
-0.014075239695 1.27035084777 0.0
0.0 0.0 1.0

1.28692907293 -0.00213246194391 0.0
-0.00980543654688 1.28208006405 0.0
0.0 0.0 1.0

1.27920940756 -0.0113213101211 0.0
-0.0208172514344 1.28826966846 0.0
0.0 0.0 1.0

1.28331158935 -0.0117374734911 0.0
-0.0195572012306 1.29563524966 0.0
0.0 0.0 1.0

1.28839720482 -0.00931368217506 0.0
-0.0182773337234 1.30161542121 0.0
0.0 0.0 1.0

1.29120465612 -0.0146709598438 0.0
-0.0114122895591 1.29895915191 0.0
0.0 0.0 1.0

1.3006492526 -0.00675229571878 0.0
-0.0124849011022 1.30235354069 0.0
0.0 0.0 1.0

1.29555868281 -0.00882973461971 0.0
-0.0175853795485 1.30096880662 0.0
0.0 0.0 1.0

1.30167727522 -0.00702951276886 0.0
-0.0128853757738 1.30648672455 0.0
0.0 0.0 1.0

1.3027201608 -0.00834578706436 0.0
-0.0183714659142 1.3081961171 0.0
0.0 0.0 1.0

1.3027003435 -0.00696037740381 0.0
-0.013478243432 1.30020629084 0.0
0.0 0.0 1.0

1.30103981862 -0.0101927747485 0.0
-0.0131372206704 1.30022933596 0.0
0.0 0.0 1.0

1.29422927204 -0.0113463820124 0.0
-0.0144814944134 1.29875174581 0.0
0.0 0.0 1.0

1.29382384305 -0.0068668457373 0.0
-0.0161519279405 1.2962120533 0.0
0.0 0.0 1.0

1.29184211271 -0.0115076978642 0.0
-0.0162064255247 1.30002192986 0.0
0.0 0.0 1.0

1.28397381757 -0.0103059735872 0.0
-0.00998874660275 1.29489510341 0.0
0.0 0.0 1.0

1.28556002756 -0.00187829001551 0.0
-0.0119308423298 1.28748343196 0.0
0.0 0.0 1.0

1.27268043183 -0.00829564328167 0.0
-0.0168381020685 1.2725909537 0.0
0.0 0.0 1.0

1.270584752 -0.0049703898604 0.0
-0.0161907368262 1.27506151085 0.0
0.0 0.0 1.0

1.26512343349 -0.0049927593922 0.0
-0.0143865365016 1.26824968816 0.0
0.0 0.0 1.0

1.25763579571 -0.00653880931465 0.0
-0.018646430998 1.25582776704 0.0
0.0 0.0 1.0

1.24032785841 -0.0136021015778 0.0
-0.00735799958478 1.25416378915 0.0
0.0 0.0 1.0

1.23747581817 -0.00512765217287 0.0
-0.0158042994111 1.24804602247 0.0
0.0 0.0 1.0

1.23619099634 -0.0107614713018 0.0
-0.0153394185037 1.23941025721 0.0
0.0 0.0 1.0

1.22893043183 -0.0043183705544 0.0
-0.0125270128718 1.23370662713 0.0
0.0 0.0 1.0

1.21871461196 -0.00604878145032 0.0
-0.00907219632342 1.23081990661 0.0
0.0 0.0 1.0

1.22205547901 -0.00096939642156 0.0
-0.00693688188887 1.22472383387 0.0
0.0 0.0 1.0

1.21293208799 -0.00747960576435 0.0
-0.0041987911445 1.22421549001 0.0
0.0 0.0 1.0

1.2037195191 -0.00775547163466 0.0
-0.0111521874528 1.20918474102 0.0
0.0 0.0 1.0

1.20192522743 -0.00163635377061 0.0
-0.0141867120263 1.20655286802 0.0
0.0 0.0 1.0

1.19480338404 -0.00489112064705 0.0
-0.00872539351502 1.20657523755 0.0
0.0 0.0 1.0

1.19753156613 -0.00470675967359 0.0
-0.00846859429262 1.21248627373 0.0
0.0 0.0 1.0

1.19142288238 -0.00719968635471 0.0
-0.00972864449645 1.20512069252 0.0
0.0 0.0 1.0

1.19951825079 -0.000412259961839 0.0
-0.0151850086819 1.20475197058 0.0
0.0 0.0 1.0

1.19542102333 -0.000342449006903 0.0
-0.0101142561905 1.20821481914 0.0
0.0 0.0 1.0

1.1862976323 -0.00685265834969 0.0
-0.0174780358221 1.19800995884 0.0
0.0 0.0 1.0

1.19074083686 -0.00724577659808 0.0
-0.0111373244753 1.20814568377 0.0
0.0 0.0 1.0

1.19647381757 -0.00235142813268 0.0
-0.00272075060396 1.21634156495 0.0
0.0 0.0 1.0

1.19070615658 -0.00482130969212 0.0
-0.0071243205496 1.21396386388 0.0
0.0 0.0 1.0

1.20329922713 -0.00223687811415 0.0
-0.0172212365997 1.20392099502 0.0
0.0 0.0 1.0

1.2013769487 -0.0110339592227 0.0
-0.0102133427072 1.21514186744 0.0
0.0 0.0 1.0

1.21294695097 -0.00851866300976 0.0
-0.00761892741205 1.22467774362 0.0
0.0 0.0 1.0

1.21592697796 -0.00207691344213 0.0
-0.0124378350068 1.22747228366 0.0
0.0 0.0 1.0

1.22858445474 -0.00399506326095 0.0
-0.00980378510494 1.23423734052 0.0
0.0 0.0 1.0

1.23705057187 0.000737293762784 0.0
-0.0166242403367 1.23377643808 0.0
0.0 0.0 1.0

1.23878045731 -0.000879242704486 0.0
-0.00691789030651 1.24725978597 0.0
0.0 0.0 1.0

1.24506749679 -0.0108550029683 0.0
-0.0128440897252 1.2558731817 0.0
0.0 0.0 1.0

1.23864256191 -0.0151027368468 0.0
-0.00669577136494 1.25559528906 0.0
0.0 0.0 1.0

1.26478736505 -0.00536215692902 0.0
-0.00921669749358 1.26478548842 0.0
0.0 0.0 1.0

1.25929632059 -0.00330641196999 0.0
-0.013477417711 1.27628492907 0.0
0.0 0.0 1.0

1.2699076608 -0.00536283251891 0.0
-0.00803096217726 1.27734635585 0.0
0.0 0.0 1.0

1.27401975125 -0.00647170071926 0.0
-0.00955359165031 1.28833745264 0.0
0.0 0.0 1.0

1.28083029783 -0.00531809345531 0.0
-0.0147234306583 1.29180165239 0.0
0.0 0.0 1.0

1.27892783671 -0.0155005842244 0.0
-0.0143427732901 1.28905387819 0.0
0.0 0.0 1.0

1.29317152348 -0.00899105047149 0.0
-0.016226242828 1.30140733952 0.0
0.0 0.0 1.0

1.29122447343 -0.0160563695043 0.0
-0.0159545806281 1.30627931846 0.0
0.0 0.0 1.0

1.29423422637 -0.0116927344275 0.0
-0.0128853757738 1.30648672455 0.0
0.0 0.0 1.0

1.30303145761 -0.00624462745185 0.0
-0.0136169645553 1.30990415846 0.0
0.0 0.0 1.0

1.29550913955 -0.00536621046834 0.0
-0.010849147856 1.30731770011 0.0
0.0 0.0 1.0

1.30944648384 -0.00130418874308 0.0
-0.0190237854824 1.30607191236 0.0
0.0 0.0 1.0

1.3013065265 -0.00497444339972 0.0
-0.0148869234108 1.30323128209 0.0
0.0 0.0 1.0

1.30232959478 -0.00490530803467 0.0
-0.0209757898611 1.29935294574 0.0
0.0 0.0 1.0

1.29930497886 -0.00822988586606 0.0
-0.0212573607127 1.29517367164 0.0
0.0 0.0 1.0

1.29314675185 -0.00725928839581 0.0
-0.0199874018572 1.30184654801 0.0
0.0 0.0 1.0

1.29244488902 -0.00591996897863 0.0
-0.0129935452212 1.29018511592 0.0
0.0 0.0 1.0

1.27955538464 -0.0116446174145 0.0
-0.013057951457 1.29468769732 0.0
0.0 0.0 1.0

1.28222906915 -0.00765037987454 0.0
-0.0173525262343 1.28469024311 0.0
0.0 0.0 1.0

1.27439049996 -0.00852677008839 0.0
-0.0178661246791 1.27286817075 0.0
0.0 0.0 1.0

1.27609561377 -0.00841154447998 0.0
-0.0202780556394 1.27443861698 0.0
0.0 0.0 1.0

1.26314665748 -0.00997996393422 0.0
-0.0103190349917 1.27025799169 0.0
0.0 0.0 1.0

1.26275113714 -0.00619313248939 0.0
-0.00876667956364 1.2571887804 0.0
0.0 0.0 1.0

1.24741006719 -0.00757651538028 0.0
-0.0097600218934 1.25504153055 0.0
0.0 0.0 1.0

1.24158295429 -0.00589016795808 0.0
-0.019155075117 1.24365934227 0.0
0.0 0.0 1.0

1.23242488298 -0.0099759103949 0.0
-0.0130463913634 1.24615226895 0.0
0.0 0.0 1.0

1.23229111619 -0.000624395186195 0.0
-0.0122652593236 1.23927131089 0.0
0.0 0.0 1.0

1.22110672562 -0.00623381801367 0.0
-0.00703596840556 1.23165088217 0.0
0.0 0.0 1.0

1.21997466216 0.0013167997543 0.0
-0.010698040918 1.22516304236 0.0
0.0 0.0 1.0

1.21188424807 -0.00581697905371 0.0
-0.0109548401404 1.21925200618 0.0
0.0 0.0 1.0

1.20913129435 -0.00426957795149 0.0
-0.0115229361694 1.21123981039 0.0
0.0 0.0 1.0

1.19682970331 -0.00336744025641 0.0
-0.0111323701495 1.20779933136 0.0
0.0 0.0 1.0

1.19747211422 -0.000550530691939 0.0
-0.00342261343047 1.21768088437 0.0
0.0 0.0 1.0

1.18833881455 -0.00636803520445 0.0
-0.00227073267402 1.20874485694 0.0
0.0 0.0 1.0

1.19144765401 -0.0089314484304 0.0
-0.0111274158236 1.20745297894 0.0
0.0 0.0 1.0

1.1906912936 -0.00378225244671 0.0
-0.0168603965348 1.20255863048 0.0
0.0 0.0 1.0

1.19613279481 -0.00237447325436 0.0
-0.0164846934924 1.20015720869 0.0
0.0 0.0 1.0

1.19372086385 -0.000804027030457 0.0
-0.0172063736222 1.20288193777 0.0
0.0 0.0 1.0

1.19612288615 -0.00168176842408 0.0
-0.0111422788011 1.20849203619 0.0
0.0 0.0 1.0

1.19855463442 -0.00463762430854 0.0
-0.00740589140118 1.20978458977 0.0
0.0 0.0 1.0

1.19884611392 -0.00115105503548 0.0
-0.0111571417787 1.20953109343 0.0
0.0 0.0 1.0

1.20602245489 -0.00170616472554 0.0
-0.0222820804394 1.19976544163 0.0
0.0 0.0 1.0

1.20068994885 -0.0107336970509 0.0
-0.00685761267552 1.21918219523 0.0
0.0 0.0 1.0

1.20915606598 -0.00600134002718 0.0
-0.00762388173788 1.22502409604 0.0
0.0 0.0 1.0

1.21527465839 -0.00420111817633 0.0
-0.0131941954175 1.23262147964 0.0
0.0 0.0 1.0

1.22790240922 -0.00404115350432 0.0
-0.0110440180054 1.22548634965 0.0
0.0 0.0 1.0

1.23913138872 -0.00154890241308 0.0
-0.0116228484071 1.24208822046 0.0
0.0 0.0 1.0

1.23537022969 -0.00110969392132 0.0
-0.00965598105088 1.24776812983 0.0
0.0 0.0 1.0

1.23962104126 -0.0119164297455 0.0
-0.00807967971463 1.25688851823 0.0
0.0 0.0 1.0

1.25762588706 -0.00584610448437 0.0
-0.0100614100483 1.25224766611 0.0
0.0 0.0 1.0

1.25628656764 -0.00767004704679 0.0
-0.00861392118375 1.2703732173 0.0
0.0 0.0 1.0

1.26751059282 -0.00483144354041 0.0
-0.00837693926468 1.27766966314 0.0
0.0 0.0 1.0

1.26582529632 -0.00633207880938 0.0
-0.0104230758342 1.27753139241 0.0
0.0 0.0 1.0

1.26970535917 -0.0150837452644 0.0
-0.0166803893628 1.28542903818 0.0
0.0 0.0 1.0

1.28084020648 -0.00601079828559 0.0
-0.0150694077457 1.29212495968 0.0
0.0 0.0 1.0

1.27857195097 -0.0144845721007 0.0
-0.00963286086366 1.29387909129 0.0
0.0 0.0 1.0

1.29243002605 -0.00488091173321 0.0
-0.0127119743696 1.29436439002 0.0
0.0 0.0 1.0

1.28910897629 -0.0113457064225 0.0
-0.016166790918 1.29725111054 0.0
0.0 0.0 1.0

1.29526720331 -0.0123163038928 0.0
-0.0131520836479 1.3012683932 0.0
0.0 0.0 1.0

1.30334770874 -0.00448982025448 0.0
-0.013537695342 1.30436251982 0.0
0.0 0.0 1.0

1.3026805262 -0.00557496774326 0.0
-0.0111356730334 1.30348477842 0.0
0.0 0.0 1.0

1.30675793636 -0.00425936903765 0.0
-0.0138787181036 1.3043394747 0.0
0.0 0.0 1.0

1.30782559358 -0.00730740540884 0.0
-0.0186034935075 1.30055331884 0.0
0.0 0.0 1.0

1.29796565944 -0.0100538284285 0.0
-0.0145756266043 1.3053324417 0.0
0.0 0.0 1.0

1.29797061377 -0.0104001808436 0.0
-0.0175853795485 1.30096880662 0.0
0.0 0.0 1.0

1.29286022667 -0.011092210084 0.0
-0.0151040880266 1.29454942659 0.0
0.0 0.0 1.0

1.28090956704 -0.0108597320975 0.0
-0.0158406311339 1.29831321291 0.0
0.0 0.0 1.0

1.28463604579 -0.00887447368331 0.0
-0.012791243583 1.29990602866 0.0
0.0 0.0 1.0

1.28056854428 -0.0108827772192 0.0
-0.00715156934169 1.28745971125 0.0
0.0 0.0 1.0

1.27438554564 -0.00818041767326 0.0
-0.00706734580251 1.28157172019 0.0
0.0 0.0 1.0

1.26957159237 -0.00573223005573 0.0
-0.00879227691379 1.28284190425 0.0
0.0 0.0 1.0

1.25870840726 -0.00993319810097 0.0
-0.00862382983542 1.27106592213 0.0
0.0 0.0 1.0

1.26199973105 -0.00139028892084 0.0
-0.0111934735014 1.25979828387 0.0
0.0 0.0 1.0

1.23995710969 -0.0115470322087 0.0
-0.0080895883663 1.25758122306 0.0
0.0 0.0 1.0

1.23480708799 -0.00946824212798 0.0
-0.0103727068549 1.25014650649 0.0
0.0 0.0 1.0

1.23281049468 -0.0130700370095 0.0
-0.0146672816322 1.24014905229 0.0
0.0 0.0 1.0

1.23226139023 0.00145371930463 0.0
-0.0112273280613 1.23830138901 0.0
0.0 0.0 1.0

1.21972777159 -0.00528694125499 0.0
-0.0128234467009 1.23056641027 0.0
0.0 0.0 1.0

1.22272761588 -0.000230601347918 0.0
-0.00964029235241 1.22280771082 0.0
0.0 0.0 1.0

1.21087108844 -0.00657881924903 0.0
-0.00927449796165 1.22109899386 0.0
0.0 0.0 1.0

1.20669954609 -0.00131372206704 0.0
-0.010549411143 1.21477246991 0.0
0.0 0.0 1.0

1.20668963744 -0.000621017236762 0.0
-0.00952138853239 1.21449525286 0.0
0.0 0.0 1.0

1.1916598643 9.67594848549e-05 0.0
-0.00977323342896 1.20823786426 0.0
0.0 0.0 1.0

1.19921190831 -0.00285977198948 0.0
-0.0081523431602 1.21424108093 0.0
0.0 0.0 1.0

1.19299918372 0.00192070204727 0.0
-0.0101439821456 1.21029293363 0.0
0.0 0.0 1.0

1.19685447494 -0.00509920233209 0.0
-0.0134452145931 1.20244272928 0.0
0.0 0.0 1.0

1.19708650253 0.00254359592261 0.0
-0.00995571776385 1.19713154185 0.0
0.0 0.0 1.0

1.18664360939 -0.00717596564314 0.0
-0.0161634880341 1.20156566348 0.0
0.0 0.0 1.0

1.19819874868 -0.00362161218481 0.0
-0.00934798712819 1.20237291833 0.0
0.0 0.0 1.0

1.19444254398 -0.00352875610819 0.0
0.00209815699079 1.21354702492 0.0
0.0 0.0 1.0

1.20088729616 -0.000666431890243 0.0
-0.0155309857693 1.20507527787 0.0
0.0 0.0 1.0

1.20056609071 -0.00207488667248 0.0
-0.0159017344859 1.20713034724 0.0
0.0 0.0 1.0

1.20337849634 -0.00777851675634 0.0
-0.00886411463838 1.21627310517 0.0
0.0 0.0 1.0

1.21392047599 -0.00498600349333 0.0
-0.00957093179073 1.21795877701 0.0
0.0 0.0 1.0

1.21360917919 -0.00708716310584 0.0
-0.0117310178544 1.22578661182 0.0
0.0 0.0 1.0

1.219090315 -0.00845020323459 0.0
-0.00808380831949 1.23331350888 0.0
0.0 0.0 1.0

1.23639329798 -0.00104055855627 0.0
-0.0115832138004 1.23931740114 0.0
0.0 0.0 1.0

1.2337443851 -0.00676655817193 0.0
-0.0119935971237 1.24414328983 0.0
0.0 0.0 1.0

1.24874938661 -0.00575257281786 0.0
-0.0115493592405 1.260814296 0.0
0.0 0.0 1.0

1.24498327325 -0.00496701191097 0.0
-0.0108425420882 1.25912862416 0.0
0.0 0.0 1.0

1.25119104352 -0.00940113353259 0.0
-0.0136549477201 1.26483225425 0.0
0.0 0.0 1.0

1.25825838933 -0.00233649008963 0.0
-0.0103338979692 1.27129704894 0.0
0.0 0.0 1.0

1.26654697645 -0.00905680788711 0.0
-0.0142139608184 1.28004871539 0.0
0.0 0.0 1.0

1.27700473256 -0.00037630356677 0.0
-0.00708220878001 1.28261077744 0.0
0.0 0.0 1.0

1.27781063623 -0.00898902370184 0.0
-0.0180841150159 1.28810767702 0.0
0.0 0.0 1.0

1.28089470406 -0.0098206748521 0.0
-0.0086395185339 1.29602634114 0.0
0.0 0.0 1.0

1.29556363714 -0.00917608703485 0.0
-0.0127565633021 1.29748156176 0.0
0.0 0.0 1.0

1.29625559131 -0.00982270162176 0.0
-0.0114321068624 1.30034456157 0.0
0.0 0.0 1.0

1.29866256795 -0.0110467954305 0.0
-0.0216182007776 1.29653603618 0.0
0.0 0.0 1.0

1.29209891194 -0.00559666168517 0.0
-0.0128952844255 1.30717942938 0.0
0.0 0.0 1.0

1.30610561679 -0.00638357377184 0.0
-0.0125393986864 1.30616341726 0.0
0.0 0.0 1.0

1.30641195927 -0.0039360617442 0.0
-0.014941420995 1.30704115865 0.0
0.0 0.0 1.0

1.30269043485 -0.00626767257354 0.0
-0.0137845859127 1.29775877881 0.0
0.0 0.0 1.0

1.29620109373 -0.00601282505525 0.0
-0.0132164898837 1.3057709746 0.0
0.0 0.0 1.0

1.29458515778 -0.0123623941361 0.0
-0.0179511739393 1.30267752357 0.0
0.0 0.0 1.0

1.29355713517 -0.012085177086 0.0
-0.014165243281 1.30050655301 0.0
0.0 0.0 1.0

1.29068527763 -0.00222531802053 0.0
-0.0134237458478 1.29639641427 0.0
0.0 0.0 1.0

1.28326700042 -0.0086203017549 0.0
-0.0148126085233 1.29803599586 0.0
0.0 0.0 1.0

1.28360802318 -0.00859725663322 0.0
-0.00716147799336 1.28815241608 0.0
0.0 0.0 1.0

1.27607084214 -0.00667978240429 0.0
-0.0147870111732 1.27238287202 0.0
0.0 0.0 1.0

1.2750180479 -0.00467080327852 0.0
-0.0165614855428 1.27711658022 0.0
0.0 0.0 1.0

1.2563559282 -0.0125189808587 0.0
-0.00830757870301 1.27282072933 0.0
0.0 0.0 1.0

1.25830793258 -0.005800014241 0.0
-0.0162642259928 1.25633543531 0.0
0.0 0.0 1.0

1.24877911256 -0.00783068730869 0.0
-0.00946854239016 1.25852809982 0.0
0.0 0.0 1.0

1.24188929677 -0.00344265593043 0.0
-0.0196001387211 1.25090969787 0.0
0.0 0.0 1.0

1.23850384078 -0.00540486922295 0.0
-0.00925055205345 1.24328859355 0.0
0.0 0.0 1.0

1.22826820361 -0.00574987045832 0.0
-0.0132437386758 1.23608500379 0.0
0.0 0.0 1.0

1.2231181819 -0.00367108037761 0.0
-0.00838519647441 1.23051964444 0.0
0.0 0.0 1.0

1.21664370376 -0.00445529010473 0.0
-0.0152254690095 1.23144415166 0.0
0.0 0.0 1.0

1.21487913804 -0.000414286731498 0.0
-0.00559756247169 1.22654777643 0.0
0.0 0.0 1.0

1.2060819068 -0.00586239370719 0.0
-0.00984754831647 1.21343315049 0.0
0.0 0.0 1.0

1.20233065642 -0.00611589004571 0.0
-0.00875511947003 1.20865335204 0.0
0.0 0.0 1.0

1.20084270723 0.00245073984599 0.0
-0.00881952570587 1.21315593344 0.0
0.0 0.0 1.0

1.19172427053 -0.00440582191193 0.0
-0.00977818775479 1.20858421668 0.0
0.0 0.0 1.0

1.19276715612 -0.00572209620743 0.0
-0.0108260276687 1.21024684339 0.0
0.0 0.0 1.0

1.19472411483 0.000650517995143 0.0
-0.0103512381096 1.2009183733 0.0
0.0 0.0 1.0

1.18832395157 -0.00532897795904 0.0
-0.0161238534275 1.19879484416 0.0
0.0 0.0 1.0

1.19411142987 -0.00424450606015 0.0
-0.0104404159746 1.20715271677 0.0
0.0 0.0 1.0

1.19575213744 0.000373300945056 0.0
-0.0134848491998 1.2052135486 0.0
0.0 0.0 1.0

1.20731718538 0.00323494957312 0.0
-0.00368932130454 1.21246255302 0.0
0.0 0.0 1.0

1.19434345746 0.00339829219456 0.0
-0.0108656622754 1.21301766271 0.0
0.0 0.0 1.0

1.2015148441 0.00318953491963 0.0
-0.0141668947229 1.20516745836 0.0
0.0 0.0 1.0

1.20195495338 -0.00371446826143 0.0
-0.000467358070361 1.22585439601 0.0
0.0 0.0 1.0

1.21534897327 -0.00939640440339 0.0
-0.00524663105843 1.22587811672 0.0
0.0 0.0 1.0

1.21931243394 -0.000114700149614 0.0
-0.0114593556545 1.23065859076 0.0
0.0 0.0 1.0

1.22142297675 -0.0044790108163 0.0
-0.0107723558055 1.23035832859 0.0
0.0 0.0 1.0

1.22622206704 -0.00588814118842 0.0
-0.00718459818058 1.24204145462 0.0
0.0 0.0 1.0

1.23676404669 -0.00309562792541 0.0
-0.00656695889325 1.24659012626 0.0
0.0 0.0 1.0

1.24090090876 -0.00593625820144 0.0
-0.0148109570814 1.25019327233 0.0
0.0 0.0 1.0

1.24769659237 -0.00374359369209 0.0
-0.00708138305904 1.25868941567 0.0
0.0 0.0 1.0

1.26109556659 -0.00977188224918 0.0
-0.0146928789823 1.26580217613 0.0
0.0 0.0 1.0

1.25459631681 -0.00882432990062 0.0
-0.0154740110222 1.27268313419 0.0
0.0 0.0 1.0

1.27230968311 -0.00624057391253 0.0
-0.0148761890382 1.27861721549 0.0
0.0 0.0 1.0

1.27615011135 -0.0122214210465 0.0
-0.00980543654688 1.28208006405 0.0
0.0 0.0 1.0

1.27573972803 -0.00739553235625 0.0
-0.018499452665 1.29327991812 0.0
0.0 0.0 1.0

1.2870578854 -0.0111376247375 0.0
-0.00797729031406 1.29745784105 0.0
0.0 0.0 1.0

1.28639070285 -0.0122227722263 0.0
-0.0198684980371 1.29353409005 0.0
0.0 0.0 1.0

1.28772506795 -0.0100524772487 0.0
-0.017901630681 1.29921399942 0.0
0.0 0.0 1.0

1.29902836234 -0.0127555123845 0.0
-0.0113974265816 1.29792009466 0.0
0.0 0.0 1.0

1.29386347765 -0.0096376650584 0.0
-0.019275630379 1.29981452377 0.0
0.0 0.0 1.0

1.30645159388 -0.00670688106529 0.0
-0.00880796561226 1.30780232326 0.0
0.0 0.0 1.0