2.31978158018 0.0 0.0
0.0 2.37078379991 0.0
0.0 0.0 1.0

2.28238095518 0.0 0.0
0.0 2.38217124791 0.0
0.0 0.0 1.0

2.25121360418 0.0 0.0
0.0 2.30245518791 0.0
0.0 0.0 1.0

2.16394580618 0.0 0.0
0.0 2.25690343391 0.0
0.0 0.0 1.0

2.12654518118 0.0 0.0
0.0 2.16579894491 0.0
0.0 0.0 1.0

2.05174393118 0.0 0.0
0.0 2.10885876191 0.0
0.0 0.0 1.0

1.96447613318 0.0 0.0
0.0 2.09747033291 0.0
0.0 0.0 1.0

1.87720833518 0.0 0.0
0.0 1.92664978391 0.0
0.0 0.0 1.0

1.80240708518 0.0 0.0
0.0 1.90387390691 0.0
0.0 0.0 1.0

1.73383910918 0.0 0.0
0.0 1.78999354091 0.0
0.0 0.0 1.0

1.64657131118 0.0 0.0
0.0 1.76721766391 0.0
0.0 0.0 1.0

1.55930253218 0.0 0.0
0.0 1.65333631691 0.0
0.0 0.0 1.0

1.45956818618 0.0 0.0
0.0 1.58500868591 0.0
0.0 0.0 1.0

1.41593428718 0.0 0.0
0.0 1.50529164491 0.0
0.0 0.0 1.0

1.35983285918 0.0 0.0
0.0 1.42557558491 0.0
0.0 0.0 1.0

1.26009851318 0.0 0.0
0.0 1.38002383091 0.0
0.0 0.0 1.0

1.23516443618 0.0 0.0
0.0 1.28891934191 0.0
0.0 0.0 1.0

1.15412991218 0.0 0.0
0.0 1.25475503591 0.0
0.0 0.0 1.0

1.15412991218 0.0 0.0
0.0 1.20920328191 0.0
0.0 0.0 1.0

1.09802848418 0.0 0.0
0.0 1.16365054691 0.0
0.0 0.0 1.0

1.07932866218 0.0 0.0
0.0 1.09532291591 0.0
0.0 0.0 1.0

1.04816131118 0.0 0.0
0.0 1.04977018091 0.0
0.0 0.0 1.0

1.02946148918 0.0 0.0
0.0 1.12948624091 0.0
0.0 0.0 1.0

1.02322723418 0.0 0.0
0.0 1.07254605791 0.0
0.0 0.0 1.0

1.03569476318 0.0 0.0
0.0 1.09532291591 0.0
0.0 0.0 1.0

1.04816131118 0.0 0.0
0.0 1.08393448691 0.0
0.0 0.0 1.0

1.04816131118 0.0 0.0
0.0 1.11809879291 0.0
0.0 0.0 1.0

1.07932866218 0.0 0.0
0.0 1.16365054691 0.0
0.0 0.0 1.0

1.11049601318 0.0 0.0
0.0 1.17503897591 0.0
0.0 0.0 1.0

1.14789663818 0.0 0.0
0.0 1.23197915891 0.0
0.0 0.0 1.0

1.21646461418 0.0 0.0
0.0 1.24336660691 0.0
0.0 0.0 1.0

1.27256506118 0.0 0.0
0.0 1.36863540191 0.0
0.0 0.0 1.0

1.30996568618 0.0 0.0
0.0 1.40279970791 0.0
0.0 0.0 1.0

1.39723348418 0.0 0.0
0.0 1.45973989091 0.0
0.0 0.0 1.0

1.46580146018 0.0 0.0
0.0 1.58500868591 0.0
0.0 0.0 1.0

1.56553678718 0.0 0.0
0.0 1.59639613391 0.0
0.0 0.0 1.0

1.62163723418 0.0 0.0
0.0 1.67611317491 0.0
0.0 0.0 1.0

1.70890503218 0.0 0.0
0.0 1.74444080591 0.0
0.0 0.0 1.0

1.79617381118 0.0 0.0
0.0 1.85832117191 0.0
0.0 0.0 1.0

1.88344160918 0.0 0.0
0.0 1.90387390691 0.0
0.0 0.0 1.0

1.92707550818 0.0 0.0
0.0 1.97220153791 0.0
0.0 0.0 1.0

2.01434330618 0.0 0.0
0.0 2.09747033291 0.0
0.0 0.0 1.0

2.10784535918 0.0 0.0
0.0 2.14302306791 0.0
0.0 0.0 1.0

2.17017908018 0.0 0.0
0.0 2.24551500491 0.0
0.0 0.0 1.0

2.22628050818 0.0 0.0
0.0 2.25690343391 0.0
0.0 0.0 1.0

2.25744687818 0.0 0.0
0.0 2.34800792291 0.0
0.0 0.0 1.0

2.31354830618 0.0 0.0
0.0 2.38217124791 0.0
0.0 0.0 1.0

2.33848238318 0.0 0.0
0.0 2.39355967691 0.0
0.0 0.0 1.0

2.36341547918 0.0 0.0
0.0 2.42772398291 0.0
0.0 0.0 1.0

2.33224812818 0.0 0.0
0.0 2.40494810591 0.0
0.0 0.0 1.0

2.30731503218 0.0 0.0
0.0 2.39355967691 0.0
0.0 0.0 1.0

2.29484750318 0.0 0.0
0.0 2.33661949391 0.0
0.0 0.0 1.0

2.23251378218 0.0 0.0
0.0 2.32523106491 0.0
0.0 0.0 1.0

2.21381297918 0.0 0.0
0.0 2.26829088191 0.0
0.0 0.0 1.0

2.12031190718 0.0 0.0
0.0 2.19996325091 0.0
0.0 0.0 1.0

2.03304410918 0.0 0.0
0.0 2.10885876191 0.0
0.0 0.0 1.0

1.99564348418 0.0 0.0
0.0 2.07469445591 0.0
0.0 0.0 1.0

1.89590815718 0.0 0.0
0.0 1.99497839591 0.0
0.0 0.0 1.0

1.80240708518 0.0 0.0
0.0 1.86970960091 0.0
0.0 0.0 1.0

1.70267175818 0.0 0.0
0.0 1.84693372391 0.0
0.0 0.0 1.0

1.65903785918 0.0 0.0
0.0 1.75582923491 0.0
0.0 0.0 1.0

1.54060271018 0.0 0.0
0.0 1.65333631691 0.0
0.0 0.0 1.0

1.48450128218 0.0 0.0
0.0 1.60778456291 0.0
0.0 0.0 1.0

1.40970101318 0.0 0.0
0.0 1.49390419691 0.0
0.0 0.0 1.0

1.35983285918 0.0 0.0
0.0 1.47112831991 0.0
0.0 0.0 1.0

1.29749913818 0.0 0.0
0.0 1.34585952491 0.0
0.0 0.0 1.0

1.22269788818 0.0 0.0
0.0 1.33447109591 0.0
0.0 0.0 1.0

1.16659646018 0.0 0.0
0.0 1.20920328191 0.0
0.0 0.0 1.0

1.14789663818 0.0 0.0
0.0 1.23197915891 0.0
0.0 0.0 1.0

1.09802848418 0.0 0.0
0.0 1.16365054691 0.0
0.0 0.0 1.0

1.08556193618 0.0 0.0
0.0 1.07254605791 0.0
0.0 0.0 1.0

1.03569476318 0.0 0.0
0.0 1.09532291591 0.0
0.0 0.0 1.0

1.03569476318 0.0 0.0
0.0 1.08393448691 0.0
0.0 0.0 1.0

0.998294138182 0.0 0.0
0.0 1.10671036391 0.0
0.0 0.0 1.0

1.04816131118 0.0 0.0
0.0 1.08393448691 0.0
0.0 0.0 1.0

1.03569476318 0.0 0.0
0.0 1.09532291591 0.0
0.0 0.0 1.0

1.07932866218 0.0 0.0
0.0 1.11809879291 0.0
0.0 0.0 1.0

1.06686211418 0.0 0.0
0.0 1.12948624091 0.0
0.0 0.0 1.0

1.11049601318 0.0 0.0
0.0 1.20920328191 0.0
0.0 0.0 1.0

1.18529726318 0.0 0.0
0.0 1.24336660691 0.0
0.0 0.0 1.0

1.21646461418 0.0 0.0
0.0 1.30030777091 0.0
0.0 0.0 1.0

1.27256506118 0.0 0.0
0.0 1.35724795391 0.0
0.0 0.0 1.0

1.33489976318 0.0 0.0
0.0 1.39141127891 0.0
0.0 0.0 1.0

1.39723348418 0.0 0.0
0.0 1.48251576791 0.0
0.0 0.0 1.0

1.48450128218 0.0 0.0
0.0 1.53945595091 0.0
0.0 0.0 1.0

1.53436943618 0.0 0.0
0.0 1.60778456291 0.0
0.0 0.0 1.0

1.64657131118 0.0 0.0
0.0 1.68750062291 0.0
0.0 0.0 1.0

1.71513830618 0.0 0.0
0.0 1.80138098891 0.0
0.0 0.0 1.0

1.80864035918 0.0 0.0
0.0 1.86970960091 0.0
0.0 0.0 1.0

1.87097408018 0.0 0.0
0.0 1.89248547791 0.0
0.0 0.0 1.0

1.96447613318 0.0 0.0
0.0 1.99497839591 0.0
0.0 0.0 1.0

2.05174393118 0.0 0.0
0.0 2.09747033291 0.0
0.0 0.0 1.0

2.11407863318 0.0 0.0
0.0 2.17718639291 0.0
0.0 0.0 1.0

2.17641235418 0.0 0.0
0.0 2.18857482191 0.0
0.0 0.0 1.0

2.20134643118 0.0 0.0
0.0 2.30245518791 0.0
0.0 0.0 1.0

2.27614768118 0.0 0.0
0.0 2.33661949391 0.0
0.0 0.0 1.0

2.30731503218 0.0 0.0
0.0 2.39355967691 0.0
0.0 0.0 1.0

2.33224812818 0.0 0.0
0.0 2.40494810591 0.0
0.0 0.0 1.0

2.34471565718 0.0 0.0
0.0 2.38217124791 0.0
0.0 0.0 1.0

2.33224812818 0.0 0.0
0.0 2.41633555391 0.0
0.0 0.0 1.0

2.31354830618 0.0 0.0
0.0 2.35939537091 0.0
0.0 0.0 1.0

2.28861422918 0.0 0.0
0.0 2.35939537091 0.0
0.0 0.0 1.0

2.25744687818 0.0 0.0
0.0 2.31384361691 0.0
0.0 0.0 1.0

2.18887988318 0.0 0.0
0.0 2.23412755691 0.0
0.0 0.0 1.0

2.10784535918 0.0 0.0
0.0 2.18857482191 0.0
0.0 0.0 1.0

2.05797720518 0.0 0.0
0.0 2.13163463891 0.0
0.0 0.0 1.0

1.95824285918 0.0 0.0
0.0 2.06330602691 0.0
0.0 0.0 1.0

1.88344160918 0.0 0.0
0.0 1.96081408991 0.0
0.0 0.0 1.0

1.79617381118 0.0 0.0
0.0 1.88109802991 0.0
0.0 0.0 1.0

1.73383910918 0.0 0.0
0.0 1.82415784691 0.0
0.0 0.0 1.0

1.64033705618 0.0 0.0
0.0 1.74444080591 0.0
0.0 0.0 1.0

1.54060271018 0.0 0.0
0.0 1.66472474591 0.0
0.0 0.0 1.0

1.46580146018 0.0 0.0
0.0 1.55084437991 0.0
0.0 0.0 1.0

1.42216756118 0.0 0.0
0.0 1.52806850291 0.0
0.0 0.0 1.0

1.35359958518 0.0 0.0
0.0 1.41418813691 0.0
0.0 0.0 1.0

1.27256506118 0.0 0.0
0.0 1.38002383091 0.0
0.0 0.0 1.0

1.22269788818 0.0 0.0
0.0 1.28891934191 0.0
0.0 0.0 1.0

1.17282973418 0.0 0.0
0.0 1.24336660691 0.0
0.0 0.0 1.0

1.12296256118 0.0 0.0
0.0 1.22059072991 0.0
0.0 0.0 1.0

1.08556193618 0.0 0.0
0.0 1.14087466991 0.0
0.0 0.0 1.0

1.04816131118 0.0 0.0
0.0 1.12948624091 0.0
0.0 0.0 1.0

1.03569476318 0.0 0.0
0.0 1.09532291591 0.0
0.0 0.0 1.0

1.01699396018 0.0 0.0
0.0 1.14087466991 0.0
0.0 0.0 1.0

1.04192803718 0.0 0.0
0.0 1.08393448691 0.0
0.0 0.0 1.0

1.01076068618 0.0 0.0
0.0 1.07254605791 0.0
0.0 0.0 1.0

1.02946148918 0.0 0.0
0.0 1.12948624091 0.0
0.0 0.0 1.0

1.06686211418 0.0 0.0
0.0 1.11809879291 0.0
0.0 0.0 1.0

1.07932866218 0.0 0.0
0.0 1.18642642391 0.0
0.0 0.0 1.0

1.11672928718 0.0 0.0
0.0 1.18642642391 0.0
0.0 0.0 1.0

1.16036318618 0.0 0.0
0.0 1.23197915891 0.0
0.0 0.0 1.0

1.22269788818 0.0 0.0
0.0 1.28891934191 0.0
0.0 0.0 1.0

1.27256506118 0.0 0.0
0.0 1.35724795391 0.0
0.0 0.0 1.0

1.34736631118 0.0 0.0
0.0 1.42557558491 0.0
0.0 0.0 1.0

1.39723348418 0.0 0.0
0.0 1.44835146191 0.0
0.0 0.0 1.0

1.46580146018 0.0 0.0
0.0 1.55084437991 0.0
0.0 0.0 1.0

1.56553678718 0.0 0.0
0.0 1.58500868591 0.0
0.0 0.0 1.0

1.64657131118 0.0 0.0
0.0 1.69888905191 0.0
0.0 0.0 1.0

1.70890503218 0.0 0.0
0.0 1.75582923491 0.0
0.0 0.0 1.0

1.78993955618 0.0 0.0
0.0 1.83554529491 0.0
0.0 0.0 1.0

1.88344160918 0.0 0.0
0.0 1.96081408991 0.0
0.0 0.0 1.0

1.97070940718 0.0 0.0
0.0 2.01775427291 0.0
0.0 0.0 1.0

2.00187675818 0.0 0.0
0.0 2.10885876191 0.0
0.0 0.0 1.0

2.10161110418 0.0 0.0
0.0 2.15441051591 0.0
0.0 0.0 1.0

2.17017908018 0.0 0.0
0.0 2.24551500491 0.0
0.0 0.0 1.0

2.23251378218 0.0 0.0
0.0 2.32523106491 0.0
0.0 0.0 1.0

2.26368113318 0.0 0.0
0.0 2.32523106491 0.0
0.0 0.0 1.0

2.31354830618 0.0 0.0
0.0 2.40494810591 0.0
0.0 0.0 1.0

2.33848238318 0.0 0.0
0.0 2.34800792291 0.0
0.0 0.0 1.0

2.33224812818 0.0 0.0
0.0 2.43911143091 0.0
0.0 0.0 1.0

2.33848238318 0.0 0.0
0.0 2.42772398291 0.0
0.0 0.0 1.0

2.31978158018 0.0 0.0
0.0 2.41633555391 0.0
0.0 0.0 1.0

2.28861422918 0.0 0.0
0.0 2.33661949391 0.0
0.0 0.0 1.0

2.26368113318 0.0 0.0
0.0 2.29106773991 0.0
0.0 0.0 1.0

2.21381297918 0.0 0.0
0.0 2.27967931091 0.0
0.0 0.0 1.0

2.13901172918 0.0 0.0
0.0 2.18857482191 0.0
0.0 0.0 1.0

2.03304410918 0.0 0.0
0.0 2.16579894491 0.0
0.0 0.0 1.0

1.96447613318 0.0 0.0
0.0 2.04053014991 0.0
0.0 0.0 1.0

1.89590815718 0.0 0.0
0.0 2.00636584391 0.0
0.0 0.0 1.0

1.81487363318 0.0 0.0
0.0 1.92664978391 0.0
0.0 0.0 1.0

1.71513830618 0.0 0.0
0.0 1.82415784691 0.0
0.0 0.0 1.0

1.62163723418 0.0 0.0
0.0 1.74444080591 0.0
0.0 0.0 1.0

1.57177006118 0.0 0.0
0.0 1.65333631691 0.0
0.0 0.0 1.0

1.47203473418 0.0 0.0
0.0 1.56223280891 0.0
0.0 0.0 1.0

1.40346675818 0.0 0.0
0.0 1.47112831991 0.0
0.0 0.0 1.0

1.32243223418 0.0 0.0
0.0 1.41418813691 0.0
0.0 0.0 1.0

1.27879833518 0.0 0.0
0.0 1.38002383091 0.0
0.0 0.0 1.0

1.22893116218 0.0 0.0
0.0 1.31169521891 0.0
0.0 0.0 1.0

1.16659646018 0.0 0.0
0.0 1.26614346491 0.0
0.0 0.0 1.0

1.12296256118 0.0 0.0
0.0 1.18642642391 0.0
0.0 0.0 1.0

1.09802848418 0.0 0.0
0.0 1.15226309891 0.0
0.0 0.0 1.0

1.06686211418 0.0 0.0
0.0 1.10671036391 0.0
0.0 0.0 1.0

1.02946148918 0.0 0.0
0.0 1.11809879291 0.0
0.0 0.0 1.0

1.02946148918 0.0 0.0
0.0 1.09532291591 0.0
0.0 0.0 1.0

1.02322723418 0.0 0.0
0.0 1.09532291591 0.0
0.0 0.0 1.0

1.02946148918 0.0 0.0
0.0 1.10671036391 0.0
0.0 0.0 1.0

1.04192803718 0.0 0.0
0.0 1.08393448691 0.0
0.0 0.0 1.0

1.06062785918 0.0 0.0
0.0 1.10671036391 0.0
0.0 0.0 1.0

1.08556193618 0.0 0.0
0.0 1.12948624091 0.0
0.0 0.0 1.0

1.11672928718 0.0 0.0
0.0 1.18642642391 0.0
0.0 0.0 1.0

1.15412991218 0.0 0.0
0.0 1.20920328191 0.0
0.0 0.0 1.0

1.21023035918 0.0 0.0
0.0 1.24336660691 0.0
0.0 0.0 1.0

1.26009851318 0.0 0.0
0.0 1.35724795391 0.0
0.0 0.0 1.0

1.33489976318 0.0 0.0
0.0 1.36863540191 0.0
0.0 0.0 1.0

1.41593428718 0.0 0.0
0.0 1.48251576791 0.0
0.0 0.0 1.0

1.46580146018 0.0 0.0
0.0 1.52806850291 0.0
0.0 0.0 1.0

1.54683598418 0.0 0.0
0.0 1.60778456291 0.0
0.0 0.0 1.0

1.63410378218 0.0 0.0
0.0 1.69888905191 0.0
0.0 0.0 1.0

1.70890503218 0.0 0.0
0.0 1.76721766391 0.0
0.0 0.0 1.0

1.76500646018 0.0 0.0
0.0 1.83554529491 0.0
0.0 0.0 1.0

1.83980771018 0.0 0.0
0.0 1.91526135491 0.0
0.0 0.0 1.0

1.95200958518 0.0 0.0
0.0 2.04053014991 0.0
0.0 0.0 1.0

2.03927738318 0.0 0.0
0.0 2.09747033291 0.0
0.0 0.0 1.0

2.07667800818 0.0 0.0
0.0 2.17718639291 0.0
0.0 0.0 1.0

2.16394580618 0.0 0.0
0.0 2.24551500491 0.0
0.0 0.0 1.0

2.21381297918 0.0 0.0
0.0 2.27967931091 0.0
0.0 0.0 1.0

2.27614768118 0.0 0.0
0.0 2.40494810591 0.0
0.0 0.0 1.0

2.29484750318 0.0 0.0
0.0 2.33661949391 0.0
0.0 0.0 1.0

2.31978158018 0.0 0.0
0.0 2.40494810591 0.0
0.0 0.0 1.0

2.34471565718 0.0 0.0
0.0 2.38217124791 0.0
0.0 0.0 1.0

2.33848238318 0.0 0.0
0.0 2.40494810591 0.0
0.0 0.0 1.0

2.32601485418 0.0 0.0
0.0 2.41633555391 0.0
0.0 0.0 1.0

2.30108175818 0.0 0.0
0.0 2.32523106491 0.0
0.0 0.0 1.0

2.22004625318 0.0 0.0
0.0 2.32523106491 0.0
0.0 0.0 1.0

2.18887988318 0.0 0.0
0.0 2.22273912791 0.0
0.0 0.0 1.0

2.14524598418 0.0 0.0
0.0 2.21135069891 0.0
0.0 0.0 1.0

2.05174393118 0.0 0.0
0.0 2.13163463891 0.0
0.0 0.0 1.0

1.96447613318 0.0 0.0
0.0 2.06330602691 0.0
0.0 0.0 1.0

1.89590815718 0.0 0.0
0.0 1.97220153791 0.0
0.0 0.0 1.0

1.82110690718 0.0 0.0
0.0 1.89248547791 0.0
0.0 0.0 1.0

1.72760583518 0.0 0.0
0.0 1.81276941791 0.0
0.0 0.0 1.0

1.64033705618 0.0 0.0
0.0 1.74444080591 0.0
0.0 0.0 1.0

1.54683598418 0.0 0.0
0.0 1.68750062291 0.0
0.0 0.0 1.0

1.49073553718 0.0 0.0
0.0 1.61917299191 0.0
0.0 0.0 1.0

1.41593428718 0.0 0.0
0.0 1.50529164491 0.0
0.0 0.0 1.0

1.33489976318 0.0 0.0
0.0 1.44835146191 0.0
0.0 0.0 1.0

1.27879833518 0.0 0.0
0.0 1.36863540191 0.0
0.0 0.0 1.0

1.21646461418 0.0 0.0
0.0 1.32308364791 0.0
0.0 0.0 1.0

1.17282973418 0.0 0.0
0.0 1.26614346491 0.0
0.0 0.0 1.0

1.12919583518 0.0 0.0
0.0 1.18642642391 0.0
0.0 0.0 1.0

1.10426273918 0.0 0.0
0.0 1.14087466991 0.0
0.0 0.0 1.0

1.07309538818 0.0 0.0
0.0 1.10671036391 0.0
0.0 0.0 1.0

1.04192803718 0.0 0.0
0.0 1.10671036391 0.0
0.0 0.0 1.0

1.01699396018 0.0 0.0
0.0 1.08393448691 0.0
0.0 0.0 1.0

1.01699396018 0.0 0.0
0.0 1.09532291591 0.0
0.0 0.0 1.0

1.03569476318 0.0 0.0
0.0 1.07254605791 0.0
0.0 0.0 1.0

1.02322723418 0.0 0.0
0.0 1.08393448691 0.0
0.0 0.0 1.0

1.05439458518 0.0 0.0
0.0 1.10671036391 0.0
0.0 0.0 1.0

1.08556193618 0.0 0.0
0.0 1.16365054691 0.0
0.0 0.0 1.0

1.09802848418 0.0 0.0
0.0 1.19781485291 0.0
0.0 0.0 1.0

1.15412991218 0.0 0.0
0.0 1.20920328191 0.0
0.0 0.0 1.0

1.21646461418 0.0 0.0
0.0 1.26614346491 0.0
0.0 0.0 1.0

1.27879833518 0.0 0.0
0.0 1.32308364791 0.0
0.0 0.0 1.0

1.30996568618 0.0 0.0
0.0 1.43696401391 0.0
0.0 0.0 1.0

1.39723348418 0.0 0.0
0.0 1.45973989091 0.0
0.0 0.0 1.0

1.45956818618 0.0 0.0
0.0 1.55084437991 0.0
0.0 0.0 1.0

1.57177006118 0.0 0.0
0.0 1.59639613391 0.0
0.0 0.0 1.0

1.63410378218 0.0 0.0
0.0 1.63056043991 0.0
0.0 0.0 1.0

1.69643848418 0.0 0.0
0.0 1.76721766391 0.0
0.0 0.0 1.0

1.78993955618 0.0 0.0
0.0 1.83554529491 0.0
0.0 0.0 1.0

1.87720833518 0.0 0.0
0.0 1.98358996691 0.0
0.0 0.0 1.0

1.95200958518 0.0 0.0
0.0 1.99497839591 0.0
0.0 0.0 1.0

2.02057658018 0.0 0.0
0.0 2.09747033291 0.0
0.0 0.0 1.0

2.10161110418 0.0 0.0
0.0 2.16579894491 0.0
0.0 0.0 1.0

2.17017908018 0.0 0.0
0.0 2.23412755691 0.0
0.0 0.0 1.0

2.20134643118 0.0 0.0
0.0 2.27967931091 0.0
0.0 0.0 1.0

2.26991440718 0.0 0.0
0.0 2.33661949391 0.0
0.0 0.0 1.0

2.28861422918 0.0 0.0
0.0 2.38217124791 0.0
0.0 0.0 1.0

2.33848238318 0.0 0.0
0.0 2.37078379991 0.0
0.0 0.0 1.0

2.35094893118 0.0 0.0
0.0 2.40494810591 0.0
0.0 0.0 1.0

2.33848238318 0.0 0.0
0.0 2.41633555391 0.0
0.0 0.0 1.0

2.32601485418 0.0 0.0
0.0 2.35939537091 0.0
0.0 0.0 1.0

2.26991440718 0.0 0.0
0.0 2.34800792291 0.0
0.0 0.0 1.0

2.25121360418 0.0 0.0
0.0 2.33661949391 0.0
0.0 0.0 1.0

2.20757970518 0.0 0.0
0.0 2.27967931091 0.0
0.0 0.0 1.0

2.13277845518 0.0 0.0
0.0 2.17718639291 0.0
0.0 0.0 1.0

2.03304410918 0.0 0.0
0.0 2.15441051591 0.0
0.0 0.0 1.0

1.97694268118 0.0 0.0
0.0 2.09747033291 0.0
0.0 0.0 1.0

1.89590815718 0.0 0.0
0.0 1.96081408991 0.0
0.0 0.0 1.0

1.81487363318 0.0 0.0
0.0 1.91526135491 0.0
0.0 0.0 1.0

1.72760583518 0.0 0.0
0.0 1.81276941791 0.0
0.0 0.0 1.0

1.66527113318 0.0 0.0
0.0 1.74444080591 0.0
0.0 0.0 1.0

1.57177006118 0.0 0.0
0.0 1.67611317491 0.0
0.0 0.0 1.0

1.48450128218 0.0 0.0
0.0 1.58500868591 0.0
0.0 0.0 1.0

1.41593428718 0.0 0.0
0.0 1.50529164491 0.0
0.0 0.0 1.0

1.37230038818 0.0 0.0
0.0 1.42557558491 0.0
0.0 0.0 1.0

1.29126488318 0.0 0.0
0.0 1.39141127891 0.0
0.0 0.0 1.0

1.23516443618 0.0 0.0
0.0 1.31169521891 0.0
0.0 0.0 1.0

1.15412991218 0.0 0.0
0.0 1.25475503591 0.0
0.0 0.0 1.0

1.15412991218 0.0 0.0
0.0 1.24336660691 0.0
0.0 0.0 1.0

1.09802848418 0.0 0.0
0.0 1.15226309891 0.0
0.0 0.0 1.0

1.06686211418 0.0 0.0
0.0 1.12948624091 0.0
0.0 0.0 1.0

1.04816131118 0.0 0.0
0.0 1.07254605791 0.0
0.0 0.0 1.0

1.01076068618 0.0 0.0
0.0 1.12948624091 0.0
0.0 0.0 1.0

1.04192803718 0.0 0.0
0.0 1.04977018091 0.0
0.0 0.0 1.0

1.01699396018 0.0 0.0
0.0 1.09532291591 0.0
0.0 0.0 1.0

1.04816131118 0.0 0.0
0.0 1.09532291591 0.0
0.0 0.0 1.0

1.04816131118 0.0 0.0
0.0 1.12948624091 0.0
0.0 0.0 1.0

1.07932866218 0.0 0.0
0.0 1.16365054691 0.0
0.0 0.0 1.0

1.11672928718 0.0 0.0
0.0 1.18642642391 0.0
0.0 0.0 1.0

1.16036318618 0.0 0.0
0.0 1.24336660691 0.0
0.0 0.0 1.0

1.21023035918 0.0 0.0
0.0 1.24336660691 0.0
0.0 0.0 1.0

1.26009851318 0.0 0.0
0.0 1.32308364791 0.0
0.0 0.0 1.0

1.34113303718 0.0 0.0
0.0 1.39141127891 0.0
0.0 0.0 1.0

1.39723348418 0.0 0.0
0.0 1.48251576791 0.0
0.0 0.0 1.0

1.48450128218 0.0 0.0
0.0 1.55084437991 0.0
0.0 0.0 1.0

1.54683598418 0.0 0.0
0.0 1.58500868591 0.0
0.0 0.0 1.0

1.65280458518 0.0 0.0
0.0 1.69888905191 0.0
0.0 0.0 1.0

1.72137256118 0.0 0.0
0.0 1.76721766391 0.0
0.0 0.0 1.0

1.78993955618 0.0 0.0
0.0 1.88109802991 0.0
0.0 0.0 1.0

1.86474080618 0.0 0.0
0.0 1.94942566091 0.0
0.0 0.0 1.0

1.94577533018 0.0 0.0
0.0 2.04053014991 0.0
0.0 0.0 1.0

2.04551065718 0.0 0.0
0.0 2.12024620991 0.0
0.0 0.0 1.0

2.11407863318 0.0 0.0
0.0 2.16579894491 0.0
0.0 0.0 1.0

2.14524598418 0.0 0.0
0.0 2.24551500491 0.0
0.0 0.0 1.0

2.22004625318 0.0 0.0
0.0 2.30245518791 0.0
0.0 0.0 1.0

2.26368113318 0.0 0.0
0.0 2.32523106491 0.0
0.0 0.0 1.0

2.31354830618 0.0 0.0
0.0 2.39355967691 0.0
0.0 0.0 1.0

2.33848238318 0.0 0.0
0.0 2.39355967691 0.0
0.0 0.0 1.0

2.35094893118 0.0 0.0
0.0 2.41633555391 0.0
0.0 0.0 1.0

2.33224812818 0.0 0.0
0.0 2.39355967691 0.0
0.0 0.0 1.0

2.30731503218 0.0 0.0
0.0 2.40494810591 0.0
0.0 0.0 1.0

2.29484750318 0.0 0.0
0.0 2.33661949391 0.0
0.0 0.0 1.0

2.25121360418 0.0 0.0
0.0 2.33661949391 0.0
0.0 0.0 1.0

2.20134643118 0.0 0.0
0.0 2.24551500491 0.0
0.0 0.0 1.0

2.10784535918 0.0 0.0
0.0 2.19996325091 0.0
0.0 0.0 1.0

2.06421047918 0.0 0.0
0.0 2.13163463891 0.0
0.0 0.0 1.0

1.96447613318 0.0 0.0
0.0 2.06330602691 0.0
0.0 0.0 1.0

1.88967488318 0.0 0.0
0.0 2.00636584391 0.0
0.0 0.0 1.0

1.80864035918 0.0 0.0
0.0 1.86970960091 0.0
0.0 0.0 1.0

1.72760583518 0.0 0.0
0.0 1.84693372391 0.0
0.0 0.0 1.0

1.64657131118 0.0 0.0
0.0 1.74444080591 0.0
0.0 0.0 1.0

1.55930253218 0.0 0.0
0.0 1.65333631691 0.0
0.0 0.0 1.0

1.48450128218 0.0 0.0
0.0 1.57362025691 0.0
0.0 0.0 1.0

1.42840083518 0.0 0.0
0.0 1.48251576791 0.0
0.0 0.0 1.0

1.32243223418 0.0 0.0
0.0 1.44835146191 0.0
0.0 0.0 1.0

1.27256506118 0.0 0.0
0.0 1.34585952491 0.0
0.0 0.0 1.0

1.21646461418 0.0 0.0
0.0 1.32308364791 0.0
0.0 0.0 1.0

1.17282973418 0.0 0.0
0.0 1.26614346491 0.0
0.0 0.0 1.0

1.12296256118 0.0 0.0
0.0 1.19781485291 0.0
0.0 0.0 1.0

1.09802848418 0.0 0.0
0.0 1.17503897591 0.0
0.0 0.0 1.0

1.06062785918 0.0 0.0
0.0 1.11809879291 0.0
0.0 0.0 1.0

1.03569476318 0.0 0.0
0.0 1.14087466991 0.0
0.0 0.0 1.0

1.03569476318 0.0 0.0
0.0 1.09532291591 0.0
0.0 0.0 1.0

1.01699396018 0.0 0.0
0.0 1.09532291591 0.0
0.0 0.0 1.0

1.02946148918 0.0 0.0
0.0 1.10671036391 0.0
0.0 0.0 1.0

1.04192803718 0.0 0.0
0.0 1.09532291591 0.0
0.0 0.0 1.0

1.06686211418 0.0 0.0
0.0 1.11809879291 0.0
0.0 0.0 1.0

1.08556193618 0.0 0.0
0.0 1.15226309891 0.0
0.0 0.0 1.0

1.11049601318 0.0 0.0
0.0 1.22059072991 0.0
0.0 0.0 1.0

1.16659646018 0.0 0.0
0.0 1.23197915891 0.0
0.0 0.0 1.0

1.21646461418 0.0 0.0
0.0 1.27753091291 0.0
0.0 0.0 1.0

1.28503160918 0.0 0.0
0.0 1.30030777091 0.0
0.0 0.0 1.0

1.32243223418 0.0 0.0
0.0 1.43696401391 0.0
0.0 0.0 1.0

1.39100021018 0.0 0.0
0.0 1.49390419691 0.0
0.0 0.0 1.0

1.46580146018 0.0 0.0
0.0 1.52806850291 0.0
0.0 0.0 1.0

1.56553678718 0.0 0.0
0.0 1.64194886891 0.0
0.0 0.0 1.0

1.64657131118 0.0 0.0
0.0 1.67611317491 0.0
0.0 0.0 1.0

1.70890503218 0.0 0.0
0.0 1.77860511191 0.0
0.0 0.0 1.0

1.78993955618 0.0 0.0
0.0 1.85832117191 0.0
0.0 0.0 1.0

1.86474080618 0.0 0.0
0.0 1.96081408991 0.0
0.0 0.0 1.0

1.97070940718 0.0 0.0
0.0 2.04053014991 0.0
0.0 0.0 1.0

2.00811003218 0.0 0.0
0.0 2.07469445591 0.0
0.0 0.0 1.0

2.10161110418 0.0 0.0
0.0 2.17718639291 0.0
0.0 0.0 1.0

2.17017908018 0.0 0.0
0.0 2.22273912791 0.0
0.0 0.0 1.0

2.20757970518 0.0 0.0
0.0 2.30245518791 0.0
0.0 0.0 1.0

2.26991440718 0.0 0.0
0.0 2.34800792291 0.0
0.0 0.0 1.0

2.30108175818 0.0 0.0
0.0 2.37078379991 0.0
0.0 0.0 1.0

2.35094893118 0.0 0.0
0.0 2.40494810591 0.0
0.0 0.0 1.0

2.34471565718 0.0 0.0
0.0 2.39355967691 0.0
0.0 0.0 1.0

2.32601485418 0.0 0.0
0.0 2.40494810591 0.0
0.0 0.0 1.0

2.32601485418 0.0 0.0
0.0 2.39355967691 0.0
0.0 0.0 1.0

2.28861422918 0.0 0.0
0.0 2.37078379991 0.0
0.0 0.0 1.0

2.25121360418 0.0 0.0
0.0 2.26829088191 0.0
0.0 0.0 1.0

2.18887988318 0.0 0.0
0.0 2.25690343391 0.0
0.0 0.0 1.0

2.12654518118 0.0 0.0
0.0 2.24551500491 0.0
0.0 0.0 1.0

2.04551065718 0.0 0.0
0.0 2.10885876191 0.0
0.0 0.0 1.0

1.96447613318 0.0 0.0
0.0 2.09747033291 0.0
0.0 0.0 1.0

1.91460896018 0.0 0.0
0.0 1.98358996691 0.0
0.0 0.0 1.0

1.80864035918 0.0 0.0
0.0 1.91526135491 0.0
0.0 0.0 1.0

1.72760583518 0.0 0.0
0.0 1.78999354091 0.0
0.0 0.0 1.0

1.62787050818 0.0 0.0
0.0 1.76721766391 0.0
0.0 0.0 1.0

1.55930253218 0.0 0.0
0.0 1.71027649991 0.0
0.0 0.0 1.0

1.48450128218 0.0 0.0
0.0 1.52806850291 0.0
0.0 0.0 1.0

1.40346675818 0.0 0.0
0.0 1.52806850291 0.0
0.0 0.0 1.0

1.34113303718 0.0 0.0
0.0 1.39141127891 0.0
0.0 0.0 1.0

1.28503160918 0.0 0.0
0.0 1.40279970791 0.0
0.0 0.0 1.0

1.23516443618 0.0 0.0
0.0 1.31169521891 0.0
0.0 0.0 1.0

1.17906398918 0.0 0.0
0.0 1.26614346491 0.0
0.0 0.0 1.0

1.12919583518 0.0 0.0
0.0 1.18642642391 0.0
0.0 0.0 1.0

1.12296256118 0.0 0.0
0.0 1.14087466991 0.0
0.0 0.0 1.0

1.06686211418 0.0 0.0
0.0 1.15226309891 0.0
0.0 0.0 1.0

1.02946148918 0.0 0.0
0.0 1.09532291591 0.0
0.0 0.0 1.0

1.01076068618 0.0 0.0
0.0 1.10671036391 0.0
0.0 0.0 1.0

1.02946148918 0.0 0.0
0.0 1.06115860991 0.0
0.0 0.0 1.0

1.03569476318 0.0 0.0
0.0 1.08393448691 0.0
0.0 0.0 1.0

1.03569476318 0.0 0.0
0.0 1.10671036391 0.0
0.0 0.0 1.0

1.07309538818 0.0 0.0
0.0 1.11809879291 0.0
0.0 0.0 1.0

1.06062785918 0.0 0.0
0.0 1.15226309891 0.0
0.0 0.0 1.0

1.10426273918 0.0 0.0
0.0 1.17503897591 0.0
0.0 0.0 1.0

1.16036318618 0.0 0.0
0.0 1.24336660691 0.0
0.0 0.0 1.0

1.22893116218 0.0 0.0
0.0 1.30030777091 0.0
0.0 0.0 1.0

1.27256506118 0.0 0.0
0.0 1.31169521891 0.0
0.0 0.0 1.0

1.33489976318 0.0 0.0
0.0 1.43696401391 0.0
0.0 0.0 1.0

1.40970101318 0.0 0.0
0.0 1.44835146191 0.0
0.0 0.0 1.0

1.48450128218 0.0 0.0
0.0 1.56223280891 0.0
0.0 0.0 1.0

1.54683598418 0.0 0.0
0.0 1.59639613391 0.0
0.0 0.0 1.0

1.62163723418 0.0 0.0
0.0 1.69888905191 0.0
0.0 0.0 1.0

1.74007238318 0.0 0.0
0.0 1.74444080591 0.0
0.0 0.0 1.0

1.79617381118 0.0 0.0
0.0 1.89248547791 0.0
0.0 0.0 1.0

1.86474080618 0.0 0.0
0.0 1.98358996691 0.0
0.0 0.0 1.0

1.96447613318 0.0 0.0
0.0 1.97220153791 0.0
0.0 0.0 1.0

2.02057658018 0.0 0.0
0.0 2.10885876191 0.0
0.0 0.0 1.0

2.12031190718 0.0 0.0
0.0 2.15441051591 0.0
0.0 0.0 1.0

2.15147925818 0.0 0.0
0.0 2.24551500491 0.0
0.0 0.0 1.0

2.22004625318 0.0 0.0
0.0 2.29106773991 0.0
0.0 0.0 1.0

2.28238095518 0.0 0.0
0.0 2.35939537091 0.0
0.0 0.0 1.0

2.30731503218 0.0 0.0
0.0 2.38217124791 0.0
0.0 0.0 1.0

2.33848238318 0.0 0.0
0.0 2.37078379991 0.0
0.0 0.0 1.0

2.33848238318 0.0 0.0
0.0 2.42772398291 0.0
0.0 0.0 1.0

2.33224812818 0.0 0.0
0.0 2.39355967691 0.0
0.0 0.0 1.0

2.31978158018 0.0 0.0
0.0 2.41633555391 0.0
0.0 0.0 1.0

2.28861422918 0.0 0.0
0.0 2.35939537091 0.0
0.0 0.0 1.0

2.24498033018 0.0 0.0
0.0 2.30245518791 0.0
0.0 0.0 1.0

2.20757970518 0.0 0.0
0.0 2.26829088191 0.0
0.0 0.0 1.0

2.12654518118 0.0 0.0
0.0 2.18857482191 0.0
0.0 0.0 1.0

2.05797720518 0.0 0.0
0.0 2.17718639291 0.0
0.0 0.0 1.0

1.98317595518 0.0 0.0
0.0 2.05191857891 0.0
0.0 0.0 1.0

1.88344160918 0.0 0.0
0.0 1.97220153791 0.0
0.0 0.0 1.0

1.80864035918 0.0 0.0
0.0 1.85832117191 0.0
0.0 0.0 1.0

1.73383910918 0.0 0.0
0.0 1.82415784691 0.0
0.0 0.0 1.0

1.64033705618 0.0 0.0
0.0 1.75582923491 0.0
0.0 0.0 1.0

1.56553678718 0.0 0.0
0.0 1.65333631691 0.0
0.0 0.0 1.0

1.47826800818 0.0 0.0
0.0 1.59639613391 0.0
0.0 0.0 1.0

1.42840083518 0.0 0.0
0.0 1.47112831991 0.0
0.0 0.0 1.0

1.35359958518 0.0 0.0
0.0 1.44835146191 0.0
0.0 0.0 1.0

1.28503160918 0.0 0.0
0.0 1.34585952491 0.0
0.0 0.0 1.0

1.21646461418 0.0 0.0
0.0 1.32308364791 0.0
0.0 0.0 1.0

1.17906398918 0.0 0.0
0.0 1.28891934191 0.0
0.0 0.0 1.0

1.14789663818 0.0 0.0
0.0 1.18642642391 0.0
0.0 0.0 1.0

1.08556193618 0.0 0.0
0.0 1.14087466991 0.0
0.0 0.0 1.0

1.06686211418 0.0 0.0
0.0 1.10671036391 0.0
0.0 0.0 1.0

1.05439458518 0.0 0.0
0.0 1.11809879291 0.0
0.0 0.0 1.0

1.02322723418 0.0 0.0
0.0 1.06115860991 0.0
0.0 0.0 1.0

1.01699396018 0.0 0.0
0.0 1.09532291591 0.0
0.0 0.0 1.0

1.03569476318 0.0 0.0
0.0 1.07254605791 0.0
0.0 0.0 1.0

1.04816131118 0.0 0.0
0.0 1.07254605791 0.0
0.0 0.0 1.0

1.05439458518 0.0 0.0
0.0 1.11809879291 0.0
0.0 0.0 1.0

1.07932866218 0.0 0.0
0.0 1.14087466991 0.0
0.0 0.0 1.0

1.11672928718 0.0 0.0
0.0 1.19781485291 0.0
0.0 0.0 1.0

1.16036318618 0.0 0.0
0.0 1.23197915891 0.0
0.0 0.0 1.0

1.21023035918 0.0 0.0
0.0 1.27753091291 0.0
0.0 0.0 1.0

1.27256506118 0.0 0.0
0.0 1.35724795391 0.0
0.0 0.0 1.0

1.33489976318 0.0 0.0
0.0 1.40279970791 0.0
0.0 0.0 1.0

1.39723348418 0.0 0.0
0.0 1.45973989091 0.0
0.0 0.0 1.0

1.48450128218 0.0 0.0
0.0 1.53945595091 0.0
0.0 0.0 1.0

1.54683598418 0.0 0.0
0.0 1.63056043991 0.0
0.0 0.0 1.0

1.65280458518 0.0 0.0
0.0 1.71027649991 0.0
0.0 0.0 1.0

1.69020521018 0.0 0.0
0.0 1.74444080591 0.0
0.0 0.0 1.0

1.78370628218 0.0 0.0
0.0 1.86970960091 0.0
0.0 0.0 1.0

1.86474080618 0.0 0.0
0.0 1.90387390691 0.0
0.0 0.0 1.0

1.96447613318 0.0 0.0
0.0 2.05191857891 0.0
0.0 0.0 1.0

2.04551065718 0.0 0.0
0.0 2.06330602691 0.0
0.0 0.0 1.0

2.08291128218 0.0 0.0
0.0 2.17718639291 0.0
0.0 0.0 1.0

2.17017908018 0.0 0.0
0.0 2.19996325091 0.0
0.0 0.0 1.0

2.22004625318 0.0 0.0
0.0 2.27967931091 0.0
0.0 0.0 1.0

2.26368113318 0.0 0.0
0.0 2.37078379991 0.0
0.0 0.0 1.0

2.31978158018 0.0 0.0
0.0 2.35939537091 0.0
0.0 0.0 1.0

2.34471565718 0.0 0.0
0.0 2.41633555391 0.0
0.0 0.0 1.0

2.35094893118 0.0 0.0
0.0 2.38217124791 0.0
0.0 0.0 1.0

2.34471565718 0.0 0.0
0.0 2.41633555391 0.0
0.0 0.0 1.0

2.33224812818 0.0 0.0
0.0 2.40494810591 0.0
0.0 0.0 1.0

2.29484750318 0.0 0.0
0.0 2.37078379991 0.0
0.0 0.0 1.0

2.25121360418 0.0 0.0
0.0 2.31384361691 0.0
0.0 0.0 1.0

2.20757970518 0.0 0.0
0.0 2.22273912791 0.0
0.0 0.0 1.0

2.13277845518 0.0 0.0
0.0 2.21135069891 0.0
0.0 0.0 1.0

2.03304410918 0.0 0.0
0.0 2.13163463891 0.0
0.0 0.0 1.0

1.95200958518 0.0 0.0
0.0 2.04053014991 0.0
0.0 0.0 1.0

1.89590815718 0.0 0.0
0.0 1.97220153791 0.0
0.0 0.0 1.0

1.80864035918 0.0 0.0
0.0 1.90387390691 0.0
0.0 0.0 1.0

1.71513830618 0.0 0.0
0.0 1.80138098891 0.0
0.0 0.0 1.0

1.62163723418 0.0 0.0
0.0 1.72166492891 0.0
0.0 0.0 1.0

1.57177006118 0.0 0.0
0.0 1.68750062291 0.0
0.0 0.0 1.0

1.48450128218 0.0 0.0
0.0 1.56223280891 0.0
0.0 0.0 1.0

1.39723348418 0.0 0.0
0.0 1.51668007391 0.0
0.0 0.0 1.0

1.33489976318 0.0 0.0
0.0 1.40279970791 0.0
0.0 0.0 1.0

1.29126488318 0.0 0.0
0.0 1.39141127891 0.0
0.0 0.0 1.0

1.23516443618 0.0 0.0
0.0 1.30030777091 0.0
0.0 0.0 1.0

1.16659646018 0.0 0.0
0.0 1.25475503591 0.0
0.0 0.0 1.0

1.12919583518 0.0 0.0
0.0 1.18642642391 0.0
0.0 0.0 1.0

1.09802848418 0.0 0.0
0.0 1.12948624091 0.0
0.0 0.0 1.0

1.06062785918 0.0 0.0
0.0 1.14087466991 0.0
0.0 0.0 1.0

1.03569476318 0.0 0.0
0.0 1.08393448691 0.0
0.0 0.0 1.0

1.01076068618 0.0 0.0
0.0 1.11809879291 0.0
0.0 0.0 1.0

1.02946148918 0.0 0.0
0.0 1.08393448691 0.0
0.0 0.0 1.0

1.00452741218 0.0 0.0
0.0 1.10671036391 0.0
0.0 0.0 1.0

1.03569476318 0.0 0.0
0.0 1.09532291591 0.0
0.0 0.0 1.0

1.06062785918 0.0 0.0
0.0 1.15226309891 0.0
0.0 0.0 1.0

1.07932866218 0.0 0.0
0.0 1.17503897591 0.0
0.0 0.0 1.0

1.11672928718 0.0 0.0
0.0 1.17503897591 0.0
0.0 0.0 1.0

1.16036318618 0.0 0.0
0.0 1.26614346491 0.0
0.0 0.0 1.0

1.23516443618 0.0 0.0
0.0 1.28891934191 0.0
0.0 0.0 1.0

1.27879833518 0.0 0.0
0.0 1.33447109591 0.0
0.0 0.0 1.0

1.34113303718 0.0 0.0
0.0 1.41418813691 0.0
0.0 0.0 1.0

1.40346675818 0.0 0.0
0.0 1.45973989091 0.0
0.0 0.0 1.0

1.48450128218 0.0 0.0
0.0 1.56223280891 0.0
0.0 0.0 1.0

1.55930253218 0.0 0.0
0.0 1.58500868591 0.0
0.0 0.0 1.0

1.63410378218 0.0 0.0
0.0 1.69888905191 0.0
0.0 0.0 1.0

1.72137256118 0.0 0.0
0.0 1.78999354091 0.0
0.0 0.0 1.0

1.80864035918 0.0 0.0
0.0 1.88109802991 0.0
0.0 0.0 1.0

1.85850753218 0.0 0.0
0.0 1.94942566091 0.0
0.0 0.0 1.0

1.95824285918 0.0 0.0
0.0 2.00636584391 0.0
0.0 0.0 1.0

2.03927738318 0.0 0.0
0.0 2.09747033291 0.0
0.0 0.0 1.0

2.12031190718 0.0 0.0
0.0 2.15441051591 0.0
0.0 0.0 1.0

2.13901172918 0.0 0.0
0.0 2.23412755691 0.0
0.0 0.0 1.0

2.23251378218 0.0 0.0
0.0 2.30245518791 0.0
0.0 0.0 1.0

2.26991440718 0.0 0.0
0.0 2.37078379991 0.0
0.0 0.0 1.0

2.32601485418 0.0 0.0
0.0 2.34800792291 0.0
0.0 0.0 1.0

2.34471565718 0.0 0.0
0.0 2.35939537091 0.0
0.0 0.0 1.0

2.34471565718 0.0 0.0
0.0 2.39355967691 0.0
0.0 0.0 1.0